REC 55 8 529.0901320278645 532.7898740278645
REC 42 8 532.7898740278645 536.4896160278645
REC 3 8 536.4896160278645 551.2885870278645
REC 50 8 551.2885870278645 566.0875580278646
REC 84 8 566.0875580278646 573.4870430278646
REC 22 8 573.4870430278646 577.1867850278646
REC 6 8 577.1867850278646 591.9857560278647
REC 57 8 591.9857560278647 599.3852410278647
REC 87 8 599.3852410278647 603.0849830278647
REC 51 8 603.0849830278647 610.4844680278648
REC 78 8 610.4844680278648 614.1842100278648
REC 37 8 614.1842100278648 617.8839520278648
REC 96 8 617.8839520278648 625.2834370278648
REC 26 8 625.2834370278648 632.6829220278648
REC 62 8 632.6829220278648 647.4818930278649
REC 90 8 647.4818930278649 651.1816350278649
REC 81 8 651.1816350278649 654.8813770278649
REC 24 8 654.8813770278649 658.5811190278649
REC 36 8 658.5811190278649 665.980604027865
REC 34 8 665.980604027865 669.680346027865
REC 52 8 669.680346027865 684.479317027865
REC 32 8 684.479317027865 699.2782880278651
REC 12 8 699.2782880278651 702.9780300278651
REC 58 8 702.9780300278651 706.6777720278651
REC 97 8 706.6777720278651 714.0772570278651
REC 14 8 714.0772570278651 717.7769990278651
REC 33 8 717.7769990278651 725.1764840278652
REC 49 8 725.1764840278652 739.9754550278652
REC 53 8 739.9754550278652 754.7744260278653
REC 60 8 754.7744260278653 758.4741680278653
REC 61 8 758.4741680278653 762.1739100278653
REC 9 8 762.1739100278653 776.9728810278654
REC 85 8 776.9728810278654 784.3723660278654
REC 73 8 784.3723660278654 788.0721080278654
REC 46 8 788.0721080278654 795.4715930278654
REC 15 8 795.4715930278654 802.8710780278655
REC 74 8 802.8710780278655 817.6700490278655
REC 76 8 817.6700490278655 821.3697910278655
REC 2 8 821.3697910278655 836.1687620278656
REC 56 8 836.1687620278656 839.8685040278656
REC 83 8 839.8685040278656 843.5682460278656
REC 67 8 843.5682460278656 847.2679880278656
REC 71 8 847.2679880278656 854.6674730278656
REC 43 8 854.6674730278656 869.4664440278657
REC 64 8 869.4664440278657 884.2654150278657
REC 38 8 884.2654150278657 891.6649000278658
REC 16 8 891.6649000278658 895.3646420278658
REC 80 8 895.3646420278658 902.7641270278658
REC 72 8 902.7641270278658 917.5630980278659
REC 30 8 917.5630980278659 932.3620690278659
REC 29 8 932.3620690278659 939.7615540278659
REC 8 8 939.7615540278659 947.161039027866
REC 89 8 947.161039027866 950.860781027866
REC 39 8 950.860781027866 958.260266027866
REC 13 8 958.260266027866 973.0592370278661
REC 44 8 973.0592370278661 980.4587220278661
REC 92 8 980.4587220278661 995.2576930278661
REC 63 8 995.2576930278661 998.9574350278662
REC 41 0 1651.1867406070232 1665.9857116070232
REC 0 0 1665.9857116070232 1680.7846826070231
REC 10 0 1680.7846826070231 1688.184167607023
CAND 116 0 1688.184167607023 1691.883909607023
CAND 127 0 1691.883909607023 1706.682880607023
CAND 122 0 1706.682880607023 1714.082365607023
CAND 108 0 1714.082365607023 1728.8813366070228
CAND 73 0 1728.8813366070228 1736.2808216070227
CAND 131 0 1736.2808216070227 1751.0797926070227
CAND 114 0 1751.0797926070227 1754.7795346070227
CAND 125 0 1754.7795346070227 1762.1790196070226
CAND 112 0 1762.1790196070226 1776.9779906070225
CAND 110 0 1776.9779906070225 1784.3774756070225
CAND 113 0 1784.3774756070225 1791.7769606070224
CAND 126 0 1791.7769606070224 1806.5759316070223
CAND 132 0 1806.5759316070223 1810.2756736070223
CAND 130 0 1810.2756736070223 1813.9754156070223
CAND 111 0 1813.9754156070223 1828.7743866070223
CAND 118 0 1828.7743866070223 1832.4741286070223
CAND 14 0 1832.4741286070223 1839.8736136070222
CAND 120 0 1839.8736136070222 1854.6725846070221
CAND 129 0 1854.6725846070221 1869.471555607022
CAND 117 0 1869.471555607022 1876.871040607022
CAND 186 0 1876.871040607022 1880.570782607022
CAND 35 0 1880.570782607022 1884.270524607022
CAND 11 0 1884.270524607022 1887.970266607022
CAND 6 0 1887.970266607022 1891.670008607022
CAND 36 0 1891.670008607022 1895.369750607022
CAND 46 0 1895.787043711 1899.486785711
CAND 8 0 1907.362987108 1914.7624721079999
CAND 165 0 1963.048115958 1977.8470869579999
CAND 90 0 1978.327766405 1982.027508405
CAND 23 0 1987.747030123 1995.146515123
CAND 13 0 2006.232535708 2021.0315067079998
CAND 104 0 2026.285469251 2041.084440251
CAND 172 0 2053.582142786 2068.3811137860002
CAND 162 0 2078.012066846 2081.7118088459997
CAND 171 0 2108.346021543 2112.045763543
CAND 24 0 2138.925956156 2146.325441156
CAND 33 0 2161.552680637 2168.952165637
CAND 25 0 2181.495551337 2188.895036337
CAND 9 0 2205.838365649 2220.637336649
CAND 43 0 2220.637336649 2235.4363076490004
CAND 79 3 8565.222198665142 8572.621683665142
CAND 86 3 8572.621683665142 8587.420654665142
CAND 83 3 8587.420654665142 8594.820139665142
CAND 84 3 8594.820139665142 8609.619110665142
CAND 153 3 8609.619110665142 8624.418081665142
CAND 101 3 8624.418081665142 8639.217052665143
CAND 155 3 8639.217052665143 8654.016023665143
CAND 98 3 8654.016023665143 8661.415508665143
CAND 144 3 8661.415508665143 8668.814993665143
CAND 103 3 8668.814993665143 8683.613964665143
CAND 93 3 8683.613964665143 8687.313706665143
CAND 136 3 8687.313706665143 8702.112677665144
CAND 170 3 8702.112677665144 8716.911648665144
CAND 168 3 8716.911648665144 8720.611390665144
CAND 60 3 8720.611390665144 8724.311132665145
CAND 174 3 8724.311132665145 8739.110103665145
CAND 61 3 8739.110103665145 8753.909074665145
CAND 148 3 8753.909074665145 8761.308559665145
CAND 166 3 8761.308559665145 8768.708044665145
CAND 0 7 13027.343212008476 13042.142183008476
CAND 3 7 13042.142183008476 13056.941154008477
CAND 5 7 13056.941154008477 13064.340639008477
CAND 2 7 13064.340639008477 13079.139610008477
CAND 4 7 13079.139610008477 13082.839352008477
CAND 16 7 13082.839352008477 13086.539094008478
CAND 19 7 13086.539094008478 13093.938579008478
CAND 20 7 13093.938579008478 13101.338064008478
CAND 15 7 13101.338064008478 13116.137035008478
CAND 17 7 13116.137035008478 13123.536520008478
CAND 18 7 13123.536520008478 13138.335491008478
REC 28 4 0.0 14.798971
REC 31 4 14.798971 18.498713
REC 65 4 18.498713 22.198455
REC 70 4 22.198455 29.59794
REC 66 4 29.59794 36.997425
REC 86 4 36.997425 51.796396
REC 94 4 51.796396 55.496138
REC 99 4 55.496138 62.895623
REC 68 4 62.895623 70.295108
REC 82 4 70.295108 77.694593
REC 93 4 77.694593 92.49356399999999
REC 95 4 92.49356399999999 99.89304899999999
REC 98 4 99.89304899999999 103.59279099999999
REC 35 4 103.59279099999999 107.29253299999999
REC 77 4 107.29253299999999 122.09150399999999
REC 25 4 122.09150399999999 125.79124599999999
REC 45 4 125.79124599999999 129.490988
REC 23 4 129.490988 136.890473
REC 48 4 136.890473 151.68944399999998
REC 88 4 151.68944399999998 155.38918599999997
REC 27 4 155.38918599999997 162.78867099999997
REC 7 4 162.78867099999997 170.18815599999996
REC 40 4 170.18815599999996 177.58764099999996
REC 19 4 177.58764099999996 181.28738299999995
REC 91 4 181.28738299999995 188.68686799999995
REC 11 4 188.68686799999995 192.38660999999993
REC 1 4 192.38660999999993 207.18558099999993
REC 69 4 207.18558099999993 210.88532299999991
REC 17 4 210.88532299999991 225.6842939999999
REC 47 4 225.6842939999999 233.0837789999999
REC 4 4 233.0837789999999 240.4832639999999
REC 21 4 240.4832639999999 244.1830059999999
REC 5 4 244.1830059999999 247.88274799999988
REC 54 4 247.88274799999988 255.28223299999988
REC 18 4 255.28223299999988 258.98197499999986
REC 79 4 258.98197499999986 273.78094599999986
REC 20 4 273.78094599999986 277.4806879999999
REC 75 4 277.4806879999999 284.8801729999999
REC 59 4 284.8801729999999 288.5799149999999
CAND 82 1 4636.153255403042 4650.952226403042
CAND 80 1 4650.952226403042 4658.351711403042
CAND 85 1 4658.351711403042 4673.150682403042
CAND 115 1 4673.150682403042 4676.850424403042
CAND 143 1 4708.737879793 4723.536850793
CAND 140 1 4738.872688845 4753.671659845
CAND 134 1 4761.872290436 4776.671261436
CAND 146 1 4776.946851681 4784.346336681
CAND 28 1 4793.67897836 4797.3787203599995
CAND 149 1 4810.603150612 4825.402121612
CAND 142 1 4833.745383854 4841.1448688539995
CAND 151 1 4842.137593428 4856.936564428001
CAND 161 1 4856.936564428001 4860.636306428
CAND 29 1 4867.970726156 4882.769697156
CAND 182 1 4882.769697156 4890.169182156
CAND 133 1 4892.208496775 4907.007467775
CAND 26 1 4907.007467775 4914.406952775
CAND 141 1 4914.406952775 4929.205923775
CAND 31 1 4929.205923775 4944.004894775
CAND 12 1 4944.004894775 4947.704636775
CAND 179 1 4947.704636775 4955.104121775
CAND 173 1 4955.104121775 4969.903092775
CAND 102 1 4988.690369998 5003.489340998
CAND 99 1 5003.489340998 5010.888825998
CAND 185 1 5023.165290385 5026.865032385
CAND 44 1 5047.423340509 5062.222311509
CAND 181 1 5070.758683526 5085.557654526
CAND 39 1 5116.029906452 5130.828877452001
CAND 50 1 5130.828877452001 5134.528619452
CAND 34 10 5227.0095692873 5234.4090542873
CAND 81 6 11479.83084076643 11487.23032576643