0 0 10538.352989051 10545.752474953 1
1 0 13485.60756117 13493.007047073 2
2 0 10590.677921373 10598.077407276 1
3 0 10565.252994096 10572.652479999 1
4 0 10510.82951054 10518.228996443 1
5 0 10442.523870766 10449.923356669 1
18 0 12883.601743983 12891.001229886 1
21 0 14077.869571656 14085.269057559 1
24 0 2046.314692935 2053.714178838 1
28 0 1733.128017247 1740.52750315 1
32 0 2102.520358568 2109.91984447 1
36 0 2037.081902345 2044.481388248 1
42 0 2084.727429851 2092.126915753 1
45 0 2092.708137851 2100.107623754 1
48 0 2020.075104182 2027.474590085 1
54 0 2029.092552178 2036.492038081 1
56 0 2055.272309543 2062.671795446 1
60 0 2157.500542311 2164.900028214 1
136 0 1779.797360558 1787.196846461 1
142 0 2142.450998873 2149.850484775 1
147 0 1982.563462352 1989.962948255 1
148 0 1803.114707317 1810.51419322 1
149 0 1789.92984688 1797.329332782 1
153 0 1766.687306945 1774.086792848 1
157 0 1975.073383779 1982.472869682 1
162 0 2063.983946236 2071.383432139 1
165 0 2075.94449735 2083.343983253 1
172 0 2323.961160809 2331.360646712 1
