REC 55 8 814.252357194 817.952099194
REC 3 0 2111.028587862 2125.827558862
REC 50 8 884.547466192 899.346437192
REC 84 7 13201.854499878 13209.253984878
REC 22 8 969.641544192 973.341286192
REC 6 7 13264.750121878 13279.549092878
REC 57 7 13049.541668007 13056.941153007
REC 87 8 990.497696805 994.197438805
REC 51 3 8948.999861623 8956.399346623
REC 78 2 2738.312271402 2742.012013402
REC 37 8 947.443089192 951.142831192
REC 96 2 2756.810984402 2764.210469402
REC 26 0 2162.824984862 2170.224469862
REC 62 7 13368.342913878 13383.141884878
REC 90 7 13383.141884878 13386.841626878
REC 24 8 940.043605192 943.743347192
REC 36 7 13257.350636878 13264.750121878
REC 34 8 951.142831192 954.842573192
REC 52 8 906.745921192 921.544892192
REC 32 9 2199.822405862 2214.621376862
REC 58 3 9000.796259623 9004.496001623
REC 97 7 13238.851924878 13246.251409878
REC 14 0 2192.422921862 2196.122663862
REC 33 8 983.098211805 990.497696805
REC 49 7 13056.941153007 13071.740124007
REC 53 3 8956.399346623 8971.198317623
REC 60 9 2181.323695862 2185.023437862
REC 61 8 903.046179192 906.745921192
REC 9 8 840.150554192 854.949525192
REC 85 8 529.090132028 536.489617028
REC 73 8 943.743347192 947.443089192
REC 46 3 9004.496001623 9011.895486623
REC 74 8 536.489617028 551.288588028
REC 76 0 2177.623953862 2181.323695862
REC 2 3 8985.997288623 9000.796259623
REC 56 8 936.343863192 940.043605192
REC 83 8 899.346437192 903.046179192
REC 67 0 2185.023437862 2188.723179862
REC 71 0 2148.026014862 2155.425499862
REC 43 8 921.544892192 936.343863192
REC 64 3 8617.018596665 8631.817567665
REC 38 8 862.349010192 869.748495192
REC 16 0 2170.224469862 2173.924211862
REC 80 7 13231.452439878 13238.851924878
REC 72 0 2125.827558862 2140.626529862
REC 30 8 994.197438805 1008.996409805
REC 29 8 854.949525192 862.349010192
REC 8 3 8930.501150623 8937.900635623
REC 89 0 2188.723179862 2192.422921862
REC 39 7 13224.052954878 13231.452439878
REC 13 7 13353.543942878 13368.342913878
REC 92 8 954.842573192 969.641544192
REC 63 8 817.952099193 821.651841193
REC 41 8 869.748495192 884.547466192
REC 0 8 825.351583192 840.150554192
REC 10 0 2140.626529862 2148.026014862
CAND 114 3 8945.300119623 8948.999861623
CAND 119 8 821.651841192 825.351583192
CAND 111 3 8602.219625665 8617.018596665
CAND 131 2 2708.714329402 2723.513300402
CAND 128 3 8971.198317623 8985.997288623
CAND 121 7 13209.253984878 13216.653469878
CAND 112 2 2723.513300402 2738.312271402
CAND 123 7 13246.251409878 13249.951151878
CAND 14 0 2155.425499862 2162.824984862
CAND 124 9 2173.924211862 2177.623953862
CAND 110 3 8580.021169665 8587.420654665
CAND 106 2 2742.012013402 2756.810984402
CAND 118 8 810.552615194 814.252357194
CAND 73 7 13194.455014878 13201.854499878
CAND 122 7 13216.653469878 13224.052954878
CAND 186 2 2705.014587402 2708.714329402
CAND 113 3 8923.101665623 8930.501150623
CAND 116 9 2196.122663862 2199.822405862
CAND 120 3 8631.817567665 8646.616538665
CAND 7 7 13071.740124007 13079.139609007
CAND 37 7 13386.841626878 13401.640597878
CAND 8 7 13290.648318878 13298.047803878
CAND 163 3 8941.600377623 8945.300119623
CAND 90 3 8919.401923623 8923.101665623
CAND 105 0 2107.328845862 2111.028587862
CAND 89 7 13042.142183007 13049.541668007
CAND 88 7 13305.447288878 13309.147030878
CAND 101 3 8587.420654665 8602.219625665
CAND 158 3 8937.900635623 8941.600377623
CAND 144 7 13323.946001878 13331.345486878
CAND 153 3 8565.222198665 8580.021169665
CAND 60 7 13279.549092878 13283.248834878
CAND 95 7 13283.248834878 13286.948576878
CAND 0 7 13338.744971878 13353.543942878
CAND 5 7 13331.345486878 13338.744971878
CAND 3 7 13309.147030878 13323.946001878
CAND 2 7 13027.343212008 13042.142183008
CAND 18 7 13401.640597878 13416.439568878
CAND 20 7 13416.439568878 13423.839053878
CAND 19 7 13298.047803878 13305.447288878
CAND 16 7 13286.948576878 13290.648318878
CAND 17 7 13249.951151878 13257.350636878
