REC 97 6 11494.629811766 11509.428782766
REC 59 1 4743.445791403 4750.845276403
REC 51 10 5241.808539287 5256.607510287
REC 30 1 4676.850424403 4680.550166403
REC 0 10 5301.004419287 5304.704161287
REC 50 10 5304.704161287 5319.503132287
REC 85 4 0 14.798971
REC 29 10 5234.409054287 5241.808539287
REC 75 10 5256.607510287 5264.006995287
REC 71 10 5418.203065298 5425.602550298
REC 57 4 40.697169 44.396911
REC 16 10 5319.503132287 5323.202874287
REC 4 1 4695.349137403 4710.148108403
REC 33 5 5679.263305718 5686.662790718
REC 17 5 5660.764592718 5664.464334718
REC 7 1 4758.244761403 4761.944503403
REC 55 5 5690.362532718 5697.762017718
REC 18 10 5264.006995287 5267.706737287
REC 69 4 33.297684 40.697169
REC 87 5 5705.161501718 5708.861243718
REC 83 6 11854.660108203 11869.459079203
REC 93 5 5697.762017718 5701.461759718
REC 76 10 5289.905192287 5293.604934287
REC 2 1 4636.153255403 4650.952226403
REC 96 4 29.597942 33.297684
REC 35 5 5664.464334718 5679.263305718
REC 78 1 4717.547593403 4732.346564403
REC 88 1 4732.346564403 4739.746049403
REC 89 10 5267.706737287 5282.505708287
REC 98 1 4665.751197403 4673.150682403
REC 41 1 5130.370925985 5137.770410985
REC 21 1 4710.148108403 4717.547593403
REC 45 4 14.798971 29.597942
REC 79 5 5645.965621718 5660.764592718
REC 15 1 4680.550166403 4695.349137403
REC 84 1 4739.746049403 4743.445791403
REC 64 5 5638.566136718 5645.965621718
REC 20 5 5686.662790718 5690.362532718
REC 95 10 5330.602359287 5338.001844287
REC 32 10 5293.604934287 5301.004419287
REC 8 1 4673.150682403 4676.850424403
REC 40 5 5731.059699718 5738.459184718
REC 11 10 5323.202874287 5330.602359287
REC 77 10 5286.205450287 5289.905192287
CAND 208 1 4750.845276403 4758.244761403
CAND 215 1 4650.952226403 4665.751197403
CAND 220 1 4761.944503403 4769.343988403
CAND 40 5 5708.861243718 5723.660214718
CAND 424 6 11869.459079203 11884.258050203
CAND 157 5 5738.459184718 5745.858669718
CAND 418 5 5723.660214718 5731.059699718
CAND 137 10 5282.505708287 5286.205450287
CAND 337 5 5701.461759718 5705.161501718
CAND 83 10 5227.009569287 5234.409054287
CAND 216 6 11479.830840766 11494.629811766
