0 0 10510.082888067 10517.48237397 1
1 0 13886.161977589 13893.561463492 2
2 0 10789.454276353 10796.853762256 1
3 0 10764.029349076 10771.428834978 1
4 0 10756.006389709 10763.405875612 1
5 0 10732.508410321 10739.907896223 1
6 0 2036.644172826 2044.043658729 1
7 0 2044.727244374 2052.126730277 1
8 0 2068.975498321 2076.374984224 1
14 0 753.096253463 760.495739366 1
15 0 12756.237919898 12763.637405801 1
16 0 12763.947884672 12771.347370575 1
17 0 12772.554374576 12779.953860478 1
18 0 12730.428999221 12737.828485124 1
19 0 12748.450401666 12755.849887569 1
20 0 12740.869710044 12748.269195947 1
21 0 14077.869571656 14085.269057559 1
23 0 2060.512503946 2067.911989849 1
26 0 4941.723757773 4949.123243676 2
37 0 2052.540738941 2059.940224844 1
45 1 4877.411613435 4884.811099337 2
59 0 2092.384045959 2099.783531861 1
60 1 7886.913337763 7894.312823666 1
61 1 7838.826816678 7846.226302581 1
73 0 813.663470963 821.062956866 1
76 1 4921.055422999 4928.454908902 2
80 0 2087.629870117 2095.02935602 2
81 0 7829.296438068 7836.695923971 2
82 2 7710.829404801 7718.228890704 2
83 1 1712.71378782 1720.113273722 2
85 0 2101.596988955 2108.996474858 2
86 1 1703.431657195 1710.831143098 2
88 0 2115.134823589 2122.534309492 1
89 0 2107.533109316 2114.932595219 1
90 0 2084.730739469 2092.130225372 1
91 0 2122.797115135 2130.196601038 1
92 0 2193.835364878 2201.234850781 1
93 1 7611.135137453 7618.534623356 1
95 0 7937.748402089 7945.147887992 1
96 0 5061.651831448 5069.051317351 2
98 0 7823.485240445 7830.884726348 1
99 0 5012.925566002 5020.325051905 2
101 0 7603.696090966 7611.095576869 1
102 0 5069.784300417 5077.18378632 2
105 0 2099.929359959 2107.328845862 1
106 0 795.662020405 803.061506308 1
107 0 516.144757539 523.544243442 1
108 1 3590.999689459 3598.399175362 2
109 0 743.770702203 751.170188106 1
110 0 787.0866342 794.486120103 1
111 0 535.441877127 542.84136303 1
112 0 601.261548941 608.661034843 1
113 0 918.100974136 925.500460038 1
114 0 425.237363935 432.636849837 1
115 0 3614.141322178 3621.540808081 2
116 0 925.633258124 933.032744027 1
118 0 803.153129291 810.552615194 1
119 0 525.654999574 533.054485477 1
120 0 933.05031544 940.449801343 1
121 0 593.822557507 601.22204341 1
122 0 821.785992814 829.185478717 1
123 0 735.503106044 742.902591947 1
124 0 763.058555143 770.458041046 1
125 0 771.411694091 778.811179994 1
127 0 608.940144374 616.339630277 1
128 0 586.397362411 593.796848314 1
129 1 3580.163673997 3587.5631599 2
130 1 3622.513495445 3629.912981348 2
131 0 543.785227281 551.184713184 1
132 0 779.523335427 786.92282133 1
134 1 4903.730653167 4911.130139069 2
140 0 4984.616579922 4992.016065825 2
143 1 4887.95249152 4895.351977423 2
144 1 7831.206285071 7838.605770974 1
148 2 5003.194240735 5010.593726638 2
152 1 4911.425053479 4918.824539382 2
153 1 7878.47255522 7885.872041123 1
156 0 4993.395143522 5000.794629425 2
158 1 7816.055506453 7823.454992356 1
161 0 4933.510193565 4940.909679468 2
163 0 2076.870554572 2084.270040474 1
166 2 4949.142322929 4956.541808832 2
171 1 4956.844112972 4964.243598875 2
173 0 4895.709433122 4903.108919025 2
174 2 4965.982696483 4973.382182386 2
186 0 829.678356409 837.077842312 1
