1 0 13528.449358388 13535.848844291
2 1 7853.144162804 7860.543648707
3 1 7840.741061761 7848.140547664
3 2 13503.170556694 13510.570042597
4 1 8020.083936393 8027.483422296
4 2 13510.72820273 13518.127688633
5 1 7703.880230751 7711.279716654
12 0 4926.154648043 4933.554133946
26 0 4896.63351635 4904.033002252
28 1 4786.279492458 4793.67897836
29 1 4860.571240253 4867.970726156
31 0 4914.273364476 4921.672850379
34 0 5125.986406858 5133.385892761
35 1 5072.965248078 5080.364733981
39 0 5108.630420549 5116.029906452
44 0 5040.023854606 5047.423340509
50 1 5116.537318468 5123.936804371
60 2 5141.147243918 5148.546729821
61 2 4814.507668455 4821.907154357
70 0 12329.454096824 12336.853582727
71 0 12412.676132023 12420.075617926
72 0 12337.550793574 12344.950279476
80 0 1758.041364584 1765.440850487
81 0 7646.588842094 7653.988327997
82 1 1749.182574898 1756.582060801
83 1 1741.680217727 1749.07970363
83 2 7777.432514046 7784.831999949
85 0 1772.008483422 1779.407969325
86 1 1782.530782488 1789.930268391
86 2 7769.836121515 7777.235607417
93 2 4671.961344645 4679.360830548
99 0 4991.768327124 4999.167813027
102 0 4981.290884095 4988.690369998
103 2 4660.788226574 4668.187712477
108 1 3440.035901436 3447.435387339
115 0 3515.031300294 3522.430786197
129 1 3580.163673997 3587.5631599
130 1 3506.659127027 3514.05861293
133 1 4884.809010872 4892.208496775
134 1 4754.472804533 4761.872290436
136 2 4718.952072568 4726.351558471
140 0 4731.473202942 4738.872688845
141 1 4905.786394668 4913.185880571
142 1 4826.345897951 4833.745383854
143 1 4701.33839389 4708.737879793
144 2 4967.945723707 4975.34520961
146 0 4769.547365778 4776.946851681
149 2 4803.20366471 4810.603150612
151 0 4834.738107525 4842.137593428
161 0 4847.343896806 4854.743382709
168 2 5054.639638474 5062.039124377
173 0 4945.083200638 4952.482686541
174 2 5025.176511326 5032.575997229
179 0 4936.685117413 4944.084603316
181 0 5063.359197623 5070.758683526
182 1 4872.46846104 4879.867946943
185 0 5015.765804482 5023.165290385
