0 0 10510.082888067 10517.48237397
2 0 10562.407820391 10569.807306294
3 0 10587.832747669 10595.232233572
4 0 10595.855707036 10603.255192938
5 0 10553.704860063 10561.104345966
9 1 4870.389236839 4877.788722742
12 0 4992.745285137 5000.14477104
13 1 4965.947823379 4973.347309282
14 0 893.185127556 900.584613459
15 0 12629.276684135 12636.676170038
16 0 12654.8146419 12662.214127803
17 0 12646.208151996 12653.607637899
18 0 12586.002535721 12593.402021624
19 0 12662.291681261 12669.691167163
20 0 12669.872372883 12677.271858786
21 0 14077.869571656 14085.269057559
26 0 4859.331933841 4866.731419743
27 0 2250.462786721 2257.862272624
28 0 1953.192328234 1960.591814137
29 1 4941.13250015 4948.531986053
37 0 1898.780090842 1906.179576745
41 0 5077.063926296 5084.463412199
42 0 1966.457854532 1973.857340435
46 0 2144.829229165 2152.228715068
47 0 2224.528457503 2231.927943406
48 0 1837.211877704 1844.611363607
50 0 1974.026317901 1981.425803804
51 1 5043.541261107 5050.94074701
55 0 2003.312460742 2010.711946645
58 0 1919.878245577 1927.27773148
61 0 2048.385046436 2055.784532339
62 0 1985.494993976 1992.894479879
67 0 4828.614340595 4836.013826498
68 0 1888.707411961 1896.106897864
69 0 1908.250209017 1915.64969492
75 0 4973.5188029 4980.918288803
78 1 5068.624939563 5076.024425465
80 0 1678.151810059 1685.551295962
82 1 1749.182574898 1756.582060801
85 0 1664.184691221 1671.584177123
86 1 1703.431657195 1710.831143098
93 2 4901.383144472 4908.782630375
95 0 7654.409598179 7661.809084082
98 0 7646.497590929 7653.897076832
100 0 2066.922097407 2074.321583309
102 0 4908.994026365 4916.393512268
106 0 818.957604863 826.357090766
107 0 648.686701644 656.086187547
108 0 707.77585923 715.175345133
109 0 625.997097277 633.396583179
110 0 767.019010988 774.418496891
111 0 667.963761341 675.363247244
112 0 883.95794963 891.357435533
113 0 750.916974836 758.316460739
114 0 861.720227631 869.119713533
115 0 3515.031300294 3522.430786197
116 0 775.553620326 782.953106229
117 0 658.186913733 665.586399636
118 0 826.448713749 833.848199652
119 0 737.801079565 745.200565468
120 0 758.466830237 765.86631614
122 0 635.558940619 642.958426522
123 0 791.334040472 798.733526375
124 0 595.589486612 602.988972515
126 0 611.111667155 618.511153058
127 0 811.314475495 818.713961397
129 0 685.620235814 693.019721717
130 1 3506.659127027 3514.05861293
131 0 801.947054544 809.346540446
132 0 783.924416793 791.323902696
139 0 7603.577603489 7610.977089392
142 0 2091.536705935 2098.936191838
146 0 4846.562609746 4853.962095649
151 0 5017.38052778 5024.780013683
154 0 2077.200337447 2084.59982335
157 1 4954.143484546 4961.542970449
162 0 1994.600824049 2002.000309952
164 0 2213.027945846 2220.427431749
167 0 2121.148319663 2128.547805566
169 0 1939.654492751 1947.053978654
171 1 5089.749926554 5097.149412457
172 0 2261.573422402 2268.972908305
173 0 4983.213413089 4990.612898992
177 1 5004.870311059 5012.269796961
181 0 5056.790975188 5064.190461091
182 0 1862.625008814 1870.024494717
185 0 5030.751135307 5038.150621209
186 0 836.728897166 844.128383069
