0 0 10538.352989051 10545.752474953
2 0 10433.820910438 10441.220396341
3 0 10565.252994097 10572.65248
4 0 10510.82951054 10518.228996443
5 0 10442.523870766 10449.923356669
7 0 1996.907589321 2004.307075224
10 0 1972.062911103 1979.462397006
14 0 798.714338355 806.113824257
15 0 12629.276684135 12636.676170038
16 0 12674.873745838 12682.273231741
17 0 12666.267255935 12673.666741838
18 0 12647.32370747 12654.723193373
19 0 12657.583212573 12664.982698476
20 0 12636.882996648 12644.28248255
21 0 14077.869571656 14085.269057559
22 0 1947.769618401 1955.169104304
32 0 1932.004442409 1939.403928312
35 0 2117.895019459 2125.294505362
42 0 2208.425884746 2215.825370649
49 0 1984.431626033 1991.831111936
50 0 2011.223660646 2018.623146549
53 0 1957.337852555 1964.737338458
60 0 2100.502411574 2107.901897477
60 1 8050.764272086 8058.163757989
61 1 8009.678651796 8017.078137699
73 0 660.955851883 668.355337786
79 0 4673.58182079 4680.981306693
82 0 4664.819341272 4672.218827175
83 0 4638.273012869 4645.672498772
84 0 4606.107858717 4613.50734462
86 0 4630.357984722 4637.757470625
93 1 7835.572796961 7842.972282864
95 0 7937.748402089 7945.147887992
97 0 2151.100965351 2158.500451254
98 0 7843.392063034 7850.791548937
101 0 7808.051142375 7815.450628278
105 0 1913.401840159 1920.801326062
107 0 789.675000126 797.074486029
108 0 832.490167147 839.88965305
109 0 671.240731173 678.640217076
111 0 596.410679336 603.810165238
112 0 762.538750561 769.938236464
113 0 770.076345351 777.475831254
116 0 585.814973801 593.214459704
117 0 731.133421616 738.532907519
118 0 606.87398502 614.273470923
119 0 749.560964177 756.96045008
120 0 701.421465582 708.820951485
123 0 717.199181588 724.598667491
124 0 778.072846121 785.472332024
125 0 692.320942269 699.720428172
126 0 740.35220787 747.751693772
128 0 708.898426819 716.297912722
131 0 680.985634988 688.385120891
136 0 1858.894338725 1866.293824628
139 0 7851.963264972 7859.362750875
143 0 2083.278757616 2090.678243519
144 1 7994.658634287 8002.058120189
148 1 8002.160440117 8009.55992602
149 1 7818.090570968 7825.49005687
153 0 2169.000554653 2176.400040556
153 1 7825.491932328 7832.891418231
155 0 7798.927469084 7806.326954986
164 0 2059.354088751 2066.753574654
166 1 8042.321874619 8049.721360521
174 1 7959.774466664 7967.173952566
180 0 2035.554992714 2042.954478617
