REC 55 8 529.0901320278645 532.7898740278645
REC 42 8 532.7898740278645 536.4896160278645
REC 3 8 536.4896160278645 551.2885870278645
REC 50 8 551.2885870278645 566.0875580278646
REC 84 8 566.0875580278646 573.4870430278646
REC 22 8 573.4870430278646 577.1867850278646
REC 6 8 577.1867850278646 591.9857560278647
REC 57 8 591.9857560278647 599.3852410278647
REC 87 8 599.3852410278647 603.0849830278647
REC 51 8 603.0849830278647 610.4844680278648
REC 78 8 610.4844680278648 614.1842100278648
REC 37 8 614.1842100278648 617.8839520278648
REC 96 8 617.8839520278648 625.2834370278648
REC 26 8 625.2834370278648 632.6829220278648
REC 62 8 632.6829220278648 647.4818930278649
REC 90 8 647.4818930278649 651.1816350278649
REC 81 8 651.1816350278649 654.8813770278649
REC 24 8 654.8813770278649 658.5811190278649
REC 36 8 658.5811190278649 665.980604027865
REC 34 8 665.980604027865 669.680346027865
REC 52 8 669.680346027865 684.479317027865
REC 32 8 684.479317027865 699.2782880278651
REC 12 8 699.2782880278651 702.9780300278651
REC 58 8 702.9780300278651 706.6777720278651
REC 97 8 706.6777720278651 714.0772570278651
REC 14 8 714.0772570278651 717.7769990278651
REC 33 8 717.7769990278651 725.1764840278652
REC 49 8 725.1764840278652 739.9754550278652
REC 53 8 739.9754550278652 754.7744260278653
REC 60 8 754.7744260278653 758.4741680278653
REC 61 8 758.4741680278653 762.1739100278653
REC 9 8 762.1739100278653 776.9728810278654
REC 85 8 776.9728810278654 784.3723660278654
REC 73 8 784.3723660278654 788.0721080278654
REC 46 8 788.0721080278654 795.4715930278654
REC 15 8 795.4715930278654 802.8710780278655
REC 74 8 802.8710780278655 817.6700490278655
REC 76 8 817.6700490278655 821.3697910278655
REC 2 8 821.3697910278655 836.1687620278656
REC 56 8 836.1687620278656 839.8685040278656
REC 83 8 839.8685040278656 843.5682460278656
REC 67 8 843.5682460278656 847.2679880278656
REC 71 8 847.2679880278656 854.6674730278656
REC 43 8 854.6674730278656 869.4664440278657
REC 64 8 869.4664440278657 884.2654150278657
REC 38 8 884.2654150278657 891.6649000278658
REC 16 8 891.6649000278658 895.3646420278658
REC 80 8 895.3646420278658 902.7641270278658
REC 72 8 902.7641270278658 917.5630980278659
REC 30 8 917.5630980278659 932.3620690278659
REC 29 8 932.3620690278659 939.7615540278659
REC 8 8 939.7615540278659 947.161039027866
REC 89 8 947.161039027866 950.860781027866
REC 39 8 950.860781027866 958.260266027866
REC 13 8 958.260266027866 973.0592370278661
REC 44 8 973.0592370278661 980.4587220278661
REC 92 8 980.4587220278661 995.2576930278661
REC 63 8 995.2576930278661 998.9574350278662
REC 41 0 1651.1867406070232 1665.9857116070232
REC 0 0 1665.9857116070232 1680.7846826070231
REC 10 0 1680.7846826070231 1688.184167607023
CAND 130 0 1688.184167607023 1691.883909607023
CAND 107 0 1691.883909607023 1706.682880607023
CAND 108 0 1706.682880607023 1721.481851607023
CAND 110 0 1721.481851607023 1728.8813366070228
CAND 122 0 1728.8813366070228 1736.2808216070227
CAND 125 0 1736.2808216070227 1743.6803066070227
CAND 109 0 1743.6803066070227 1747.3800486070227
CAND 118 0 1747.3800486070227 1751.0797906070227
CAND 113 0 1751.0797906070227 1758.4792756070226
CAND 131 0 1758.4792756070226 1773.2782466070225
CAND 129 0 1773.2782466070225 1788.0772176070225
CAND 111 0 1788.0772176070225 1802.8761886070224
CAND 124 0 1802.8761886070224 1806.5759306070224
CAND 106 0 1806.5759306070224 1821.3749016070224
CAND 114 0 1821.3749016070224 1825.0746436070224
CAND 127 0 1825.0746436070224 1839.8736146070223
CAND 116 0 1839.8736146070223 1843.5733566070223
CAND 123 0 1843.5733566070223 1847.2730986070223
CAND 73 0 1847.2730986070223 1854.6725836070223
CAND 132 0 1854.6725836070223 1858.3723256070223
CAND 126 0 1858.3723256070223 1873.1712966070222
CAND 112 0 1873.1712966070222 1887.9702676070222
CAND 14 0 1887.9702676070222 1895.369752607022
CAND 186 0 1895.369752607022 1899.069494607022
CAND 117 0 1899.069494607022 1906.468979607022
CAND 121 0 1906.468979607022 1913.868464607022
CAND 119 0 1913.868464607022 1917.568206607022
CAND 120 0 1917.568206607022 1932.3671776070219
CAND 128 0 1932.3671776070219 1947.1661486070218
CAND 134 0 1947.1661486070218 1961.9651196070217
CAND 55 0 1961.9651196070217 1969.3646046070216
CAND 154 0 1969.3646046070216 1984.1635756070216
CAND 167 0 1984.1635756070216 1987.8633176070216
CAND 37 0 1987.8633176070216 2002.6622886070215
CAND 92 0 2002.6622886070215 2010.0617736070215
CAND 65 0 2010.0617736070215 2013.7615156070215
CAND 52 0 2013.7615156070215 2017.4612576070215
CAND 57 0 2017.4612576070215 2021.1609996070215
CAND 35 0 2021.1609996070215 2024.8607416070215
CAND 172 0 2024.8607416070215 2039.6597126070214
CAND 32 0 2039.6597126070214 2043.3594546070215
CAND 25 0 2059.856321646 2067.255806646
CAND 145 0 2080.52827613 2087.92776113
CAND 150 0 2089.616610931 2104.4155819310004
CAND 153 0 2104.4155819310004 2119.2145529310005
CAND 160 0 2119.2145529310005 2122.9142949310003
CAND 163 0 2157.159429919 2160.859171919
CAND 51 0 2171.562786516 2175.2625285159997
CAND 40 0 2179.753967332 2183.4537093319996
CAND 66 0 2188.726863103 2196.126348103
CAND 82 3 8565.222198665142 8580.021169665142
CAND 84 3 8580.021169665142 8594.820140665142
CAND 83 3 8594.820140665142 8602.219625665142
CAND 79 3 8602.219625665142 8609.619110665142
CAND 98 3 8609.619110665142 8617.018595665142
CAND 101 3 8617.018595665142 8631.817566665142
CAND 139 3 8631.817566665142 8646.616537665142
CAND 155 3 8646.616537665142 8661.415508665143
CAND 95 3 8661.415508665143 8665.115250665143
CAND 4 7 13027.343212008476 13031.042954008477
CAND 3 7 13031.042954008477 13045.841925008477
CAND 2 7 13045.841925008477 13060.640896008477
CAND 0 7 13060.640896008477 13075.439867008477
CAND 5 7 13075.439867008477 13082.839352008477
CAND 17 7 13082.839352008477 13090.238837008477
CAND 16 7 13090.238837008477 13093.938579008478
CAND 20 7 13093.938579008478 13101.338064008478
CAND 19 7 13101.338064008478 13108.737549008478
CAND 18 7 13108.737549008478 13123.536520008478
CAND 15 7 13123.536520008478 13138.335491008478
REC 28 4 0.0 14.798971
REC 31 4 14.798971 18.498713
REC 65 4 18.498713 22.198455
REC 70 4 22.198455 29.59794
REC 66 4 29.59794 36.997425
REC 86 4 36.997425 51.796396
REC 94 4 51.796396 55.496138
REC 99 4 55.496138 62.895623
REC 68 4 62.895623 70.295108
REC 82 4 70.295108 77.694593
REC 93 4 77.694593 92.49356399999999
REC 95 4 92.49356399999999 99.89304899999999
REC 98 4 99.89304899999999 103.59279099999999
REC 35 4 103.59279099999999 107.29253299999999
REC 77 4 107.29253299999999 122.09150399999999
REC 25 4 122.09150399999999 125.79124599999999
REC 45 4 125.79124599999999 129.490988
REC 23 4 129.490988 136.890473
REC 48 4 136.890473 151.68944399999998
REC 88 4 151.68944399999998 155.38918599999997
REC 27 4 155.38918599999997 162.78867099999997
REC 7 4 162.78867099999997 170.18815599999996
REC 40 4 170.18815599999996 177.58764099999996
REC 19 4 177.58764099999996 181.28738299999995
REC 91 4 181.28738299999995 188.68686799999995
REC 11 4 188.68686799999995 192.38660999999993
REC 1 4 192.38660999999993 207.18558099999993
REC 69 4 207.18558099999993 210.88532299999991
REC 17 4 210.88532299999991 225.6842939999999
REC 47 4 225.6842939999999 233.0837789999999
REC 4 4 233.0837789999999 240.4832639999999
REC 21 4 240.4832639999999 244.1830059999999
REC 5 4 244.1830059999999 247.88274799999988
REC 54 4 247.88274799999988 255.28223299999988
REC 18 4 255.28223299999988 258.98197499999986
REC 79 4 258.98197499999986 273.78094599999986
REC 20 4 273.78094599999986 277.4806879999999
REC 75 4 277.4806879999999 284.8801729999999
REC 59 4 284.8801729999999 288.5799149999999
CAND 86 1 4636.153255403042 4650.952226403042
CAND 80 1 4650.952226403042 4658.351711403042
CAND 85 1 4658.351711403042 4673.150682403042
CAND 115 1 4673.150682403042 4676.850424403042
CAND 151 1 4676.850424403042 4691.649395403042
CAND 12 1 4869.383068787 4873.082810787
CAND 75 1 4893.067785459 4900.467270459
CAND 103 1 4920.608871122 4935.407842122
CAND 41 1 4949.136460453 4952.836202453
CAND 44 1 4956.958191771 4971.757162771
CAND 102 1 4989.470262695 5004.269233695
CAND 144 1 5004.269233695 5011.668718695
CAND 146 1 5018.624604952 5026.0240899519995
CAND 181 1 5030.885080706 5045.684051706
CAND 26 1 5045.684051706 5053.083536706
CAND 34 1 5053.083536706 5060.483021706
CAND 39 1 5060.483021706 5075.281992706
CAND 174 1 5075.281992706 5090.080963706
CAND 76 1 5090.080963706 5093.780705706
CAND 159 1 5101.935231997 5105.634973997
CAND 158 1 5122.566227111 5126.265969111
CAND 10 10 5227.0095692873 5241.8085402873
CAND 185 10 5241.8085402873 5245.5082822873
CAND 170 10 5245.5082822873 5260.3072532873
CAND 81 6 11479.83084076643 11487.23032576643