REC 55 8 529.0901320278645 532.7898740278645
REC 42 8 532.7898740278645 536.4896160278645
REC 3 8 536.4896160278645 551.2885870278645
REC 50 8 551.2885870278645 566.0875580278646
REC 84 8 566.0875580278646 573.4870430278646
REC 22 8 573.4870430278646 577.1867850278646
REC 6 8 577.1867850278646 591.9857560278647
REC 57 8 591.9857560278647 599.3852410278647
REC 87 8 599.3852410278647 603.0849830278647
REC 51 8 603.0849830278647 610.4844680278648
REC 78 8 610.4844680278648 614.1842100278648
REC 37 8 614.1842100278648 617.8839520278648
REC 96 8 617.8839520278648 625.2834370278648
REC 26 8 625.2834370278648 632.6829220278648
REC 62 8 632.6829220278648 647.4818930278649
REC 90 8 647.4818930278649 651.1816350278649
REC 81 8 651.1816350278649 654.8813770278649
REC 24 8 654.8813770278649 658.5811190278649
REC 36 8 658.5811190278649 665.980604027865
REC 34 8 665.980604027865 669.680346027865
REC 52 8 669.680346027865 684.479317027865
REC 32 8 684.479317027865 699.2782880278651
REC 12 8 699.2782880278651 702.9780300278651
REC 58 8 702.9780300278651 706.6777720278651
REC 97 8 706.6777720278651 714.0772570278651
REC 14 8 714.0772570278651 717.7769990278651
REC 33 8 717.7769990278651 725.1764840278652
REC 49 8 725.1764840278652 739.9754550278652
REC 53 8 739.9754550278652 754.7744260278653
REC 60 8 754.7744260278653 758.4741680278653
REC 61 8 758.4741680278653 762.1739100278653
REC 9 8 762.1739100278653 776.9728810278654
REC 85 8 776.9728810278654 784.3723660278654
REC 73 8 784.3723660278654 788.0721080278654
REC 46 8 788.0721080278654 795.4715930278654
REC 15 8 795.4715930278654 802.8710780278655
REC 74 8 802.8710780278655 817.6700490278655
REC 76 8 817.6700490278655 821.3697910278655
REC 2 8 821.3697910278655 836.1687620278656
REC 56 8 836.1687620278656 839.8685040278656
REC 83 8 839.8685040278656 843.5682460278656
REC 67 8 843.5682460278656 847.2679880278656
REC 71 8 847.2679880278656 854.6674730278656
REC 43 8 854.6674730278656 869.4664440278657
REC 64 8 869.4664440278657 884.2654150278657
REC 38 8 884.2654150278657 891.6649000278658
REC 16 8 891.6649000278658 895.3646420278658
REC 80 8 895.3646420278658 902.7641270278658
REC 72 8 902.7641270278658 917.5630980278659
REC 30 8 917.5630980278659 932.3620690278659
REC 29 8 932.3620690278659 939.7615540278659
REC 8 8 939.7615540278659 947.161039027866
REC 89 8 947.161039027866 950.860781027866
REC 39 8 950.860781027866 958.260266027866
REC 13 8 958.260266027866 973.0592370278661
REC 44 8 973.0592370278661 980.4587220278661
REC 92 8 980.4587220278661 995.2576930278661
REC 63 8 995.2576930278661 998.9574350278662
REC 41 0 1651.1867406070232 1665.9857116070232
REC 0 0 1665.9857116070232 1680.7846826070231
REC 10 0 1680.7846826070231 1688.184167607023
CAND 116 0 1688.184167607023 1691.883909607023
CAND 123 0 1691.883909607023 1695.583651607023
CAND 127 0 1695.583651607023 1710.382622607023
CAND 128 0 1710.382622607023 1725.181593607023
CAND 122 0 1725.181593607023 1732.5810786070228
CAND 108 0 1732.5810786070228 1747.3800496070228
CAND 73 0 1747.3800496070228 1754.7795346070227
CAND 131 0 1754.7795346070227 1769.5785056070226
CAND 114 0 1769.5785056070226 1773.2782476070226
CAND 125 0 1773.2782476070226 1780.6777326070226
CAND 112 0 1780.6777326070226 1795.4767036070225
CAND 110 0 1795.4767036070225 1802.8761886070224
CAND 113 0 1802.8761886070224 1810.2756736070223
CAND 126 0 1810.2756736070223 1825.0746446070223
CAND 132 0 1825.0746446070223 1828.7743866070223
CAND 130 0 1828.7743866070223 1832.4741286070223
CAND 111 0 1832.4741286070223 1847.2730996070222
CAND 106 0 1847.2730996070222 1862.0720706070222
CAND 109 0 1862.0720706070222 1865.7718126070222
CAND 118 0 1865.7718126070222 1869.4715546070222
CAND 14 0 1869.4715546070222 1876.871039607022
CAND 120 0 1876.871039607022 1891.670010607022
CAND 129 0 1891.670010607022 1906.468981607022
CAND 117 0 1906.468981607022 1913.868466607022
CAND 186 0 1913.868466607022 1917.568208607022
CAND 35 0 1917.568208607022 1921.267950607022
CAND 144 0 1921.267950607022 1928.6674356070218
CAND 153 0 1928.6674356070218 1943.4664066070218
CAND 147 0 1943.4664066070218 1950.8658916070217
CAND 11 0 1950.8658916070217 1954.5656336070217
CAND 9 0 1954.5656336070217 1969.3646046070216
CAND 45 0 1969.3646046070216 1984.1635756070216
CAND 53 0 1984.1635756070216 1998.9625466070215
CAND 76 0 1998.9625466070215 2002.6622886070215
CAND 56 0 2002.6622886070215 2017.4612596070215
CAND 10 0 2017.4612596070215 2032.2602306070214
CAND 60 0 2032.2602306070214 2035.9599726070214
CAND 170 0 2035.9599726070214 2050.7589436070216
CAND 28 0 2050.7589436070216 2054.4586856070214
CAND 6 0 2054.4586856070214 2058.158427607021
CAND 36 0 2058.158427607021 2061.858169607021
CAND 46 0 2061.858169607021 2065.5579116070207
CAND 8 0 2065.5579116070207 2072.9573966070207
CAND 165 0 2072.9573966070207 2087.756367607021
CAND 90 0 2087.756367607021 2091.4561096070206
CAND 23 0 2091.4561096070206 2098.8555946070205
CAND 13 0 2098.8555946070205 2113.6545656070207
CAND 167 0 2113.6545656070207 2117.3543076070205
CAND 172 0 2117.3543076070205 2132.1532786070206
CAND 58 0 2132.1532786070206 2135.8530206070204
CAND 51 0 2135.8530206070204 2139.55276260702
CAND 68 0 2141.77495841 2149.17444341
CAND 162 0 2151.120594876 2154.8203368759996
CAND 24 0 2158.766060695 2166.1655456949998
CAND 33 0 2181.392785176 2188.792270176
CAND 25 0 2201.335655876 2208.735140876
CAND 43 9 2232.518934294 2247.317905294
CAND 42 9 2247.317905294 2254.717390294
CAND 48 9 2277.808773624 2292.607744624
CAND 182 9 2341.563861864 2348.963346864
CAND 79 3 8565.222198665142 8572.621683665142
CAND 86 3 8572.621683665142 8587.420654665142
CAND 83 3 8587.420654665142 8594.820139665142
CAND 84 3 8594.820139665142 8609.619110665142
CAND 82 3 8609.619110665142 8624.418081665142
CAND 155 3 8624.418081665142 8639.217052665143
CAND 95 3 8639.217052665143 8642.916794665143
CAND 136 3 8642.916794665143 8657.715765665143
CAND 103 3 8657.715765665143 8672.514736665144
CAND 149 3 8672.514736665144 8687.313707665144
CAND 98 3 8687.313707665144 8694.713192665144
CAND 139 3 8694.713192665144 8709.512163665144
CAND 61 3 8709.512163665144 8724.311134665144
CAND 93 3 8724.311134665144 8728.010876665145
CAND 101 3 8728.010876665145 8742.809847665145
CAND 158 3 8742.809847665145 8746.509589665146
CAND 148 3 8746.509589665146 8753.909074665145
CAND 168 3 8753.909074665145 8757.608816665146
CAND 174 3 8757.608816665146 8772.407787665146
CAND 166 3 8772.407787665146 8779.807272665146
CAND 0 7 13027.343212008476 13042.142183008476
CAND 3 7 13042.142183008476 13056.941154008477
CAND 5 7 13056.941154008477 13064.340639008477
CAND 2 7 13064.340639008477 13079.139610008477
CAND 4 7 13079.139610008477 13082.839352008477
CAND 16 7 13082.839352008477 13086.539094008478
CAND 19 7 13086.539094008478 13093.938579008478
CAND 20 7 13093.938579008478 13101.338064008478
CAND 15 7 13101.338064008478 13116.137035008478
CAND 17 7 13116.137035008478 13123.536520008478
CAND 18 7 13123.536520008478 13138.335491008478
REC 28 4 0.0 14.798971
REC 31 4 14.798971 18.498713
REC 65 4 18.498713 22.198455
REC 70 4 22.198455 29.59794
REC 66 4 29.59794 36.997425
REC 86 4 36.997425 51.796396
REC 94 4 51.796396 55.496138
REC 99 4 55.496138 62.895623
REC 68 4 62.895623 70.295108
REC 82 4 70.295108 77.694593
REC 93 4 77.694593 92.49356399999999
REC 95 4 92.49356399999999 99.89304899999999
REC 98 4 99.89304899999999 103.59279099999999
REC 35 4 103.59279099999999 107.29253299999999
REC 77 4 107.29253299999999 122.09150399999999
REC 25 4 122.09150399999999 125.79124599999999
REC 45 4 125.79124599999999 129.490988
REC 23 4 129.490988 136.890473
REC 48 4 136.890473 151.68944399999998
REC 88 4 151.68944399999998 155.38918599999997
REC 27 4 155.38918599999997 162.78867099999997
REC 7 4 162.78867099999997 170.18815599999996
REC 40 4 170.18815599999996 177.58764099999996
REC 19 4 177.58764099999996 181.28738299999995
REC 91 4 181.28738299999995 188.68686799999995
REC 11 4 188.68686799999995 192.38660999999993
REC 1 4 192.38660999999993 207.18558099999993
REC 69 4 207.18558099999993 210.88532299999991
REC 17 4 210.88532299999991 225.6842939999999
REC 47 4 225.6842939999999 233.0837789999999
REC 4 4 233.0837789999999 240.4832639999999
REC 21 4 240.4832639999999 244.1830059999999
REC 5 4 244.1830059999999 247.88274799999988
REC 54 4 247.88274799999988 255.28223299999988
REC 18 4 255.28223299999988 258.98197499999986
REC 79 4 258.98197499999986 273.78094599999986
REC 20 4 273.78094599999986 277.4806879999999
REC 75 4 277.4806879999999 284.8801729999999
REC 59 4 284.8801729999999 288.5799149999999
CAND 80 1 4636.153255403042 4643.552740403042
CAND 85 1 4643.552740403042 4658.351711403042
CAND 115 1 4658.351711403042 4662.051453403042
CAND 156 1 4662.051453403042 4676.850424403042
CAND 143 1 4676.850424403042 4691.649395403042
CAND 140 1 4705.736206536 4720.535177536
CAND 159 1 4723.524335179 4727.224077179
CAND 137 1 4732.409776103 4747.208747103
CAND 96 1 4763.274748799 4766.974490799
CAND 135 1 4786.665667887 4801.464638887001
CAND 146 1 4801.464638887001 4808.8641238870005
CAND 151 1 4808.8641238870005 4823.663094887001
CAND 161 1 4823.663094887001 4827.362836887
CAND 26 1 4827.362836887 4834.762321887
CAND 141 1 4846.885150026 4861.684121026
CAND 31 1 4861.684121026 4876.483092026
CAND 164 1 4876.483092026 4883.882577026
CAND 152 1 4896.497872585 4911.296843585
CAND 34 1 4911.296843585 4918.696328585
CAND 12 1 4922.614366124 4926.314108124
CAND 32 1 4931.229946754 4934.9296887539995
CAND 29 1 4938.647637299 4953.446608299
CAND 171 1 4953.446608299 4957.146350299
CAND 133 1 4971.959749316 4986.758720316
CAND 179 1 4986.758720316 4994.158205316
CAND 39 1 5003.900615112 5018.699586112
CAND 44 1 5018.699586112 5033.4985571120005
CAND 142 1 5033.4985571120005 5040.898042112
CAND 102 1 5058.681131608 5073.480102608
CAND 99 1 5073.480102608 5080.879587608
CAND 185 1 5093.156051998 5096.855793998
CAND 75 1 5123.44557795 5130.84506295
CAND 77 10 5227.0095692873 5234.4090542873
CAND 183 10 5234.4090542873 5241.8085392873
CAND 173 10 5241.8085392873 5256.6075102873
CAND 181 10 5256.6075102873 5271.4064812873
CAND 176 10 5271.4064812873 5278.8059662873
CAND 175 10 5278.8059662873 5286.2054512873
CAND 169 10 5286.2054512873 5289.9051932873
CAND 177 10 5289.9051932873 5293.6049352873
CAND 81 6 11479.83084076643 11487.23032576643