0 0 10589.202843603 10596.602329506 1
1 0 13485.60756117 13493.007047073 2
2 0 10544.277397181 10551.676883084 1
3 0 10518.852469906 10526.251955808 1
4 0 10510.82951054 10518.228996443 1
5 0 10632.824815599 10640.224301502 1
10 1 5142.702968918 5150.10245482 2
12 0 4861.983582884 4869.383068787 2
14 0 856.895527167 864.295013069 1
15 0 12690.805514222 12698.205000125 1
16 0 12654.8146419 12662.214127803 1
17 0 12646.208151996 12653.607637899 1
18 0 12680.15797679 12687.557462692 1
19 0 12669.898471687 12677.297957589 1
20 0 12662.317780064 12669.717265967 1
21 0 14077.869571656 14085.269057559 1
25 0 2052.456835743 2059.856321646 1
26 0 5031.393929047 5038.79341495 2
32 0 2025.308730904 2032.708216807 1
34 0 5041.553788959 5048.953274862 2
35 0 1995.621784215 2003.021270118 1
37 0 1931.317904134 1938.717390037 1
39 0 5051.510289365 5058.909775268 2
40 0 2172.354481429 2179.753967332 1
41 0 4941.73697455 4949.136460453 2
44 0 4949.558705869 4956.958191771 2
51 0 2164.163300613 2171.562786516 1
52 0 1959.156273509 1966.555759411 1
55 0 1815.216431779 1822.615917682 1
57 0 1968.979234854 1976.378720757 1
65 0 1951.627436552 1959.026922455 1
66 0 2181.3273772 2188.726863103 1
70 0 12431.868942201 12439.268428104 2
71 0 12412.676132023 12420.075617926 2
72 0 12423.772245452 12431.171731355 2
73 0 807.710983042 815.110468945 1
75 0 4885.668299556 4893.067785459 2
76 1 5079.988818035 5087.388303938 2
79 0 4699.352228577 4706.75171448 1
80 0 1714.275962871 1721.675448773 2
81 0 7646.588842094 7653.988327997 2
82 0 4664.819341272 4672.218827175 1
83 0 4690.302615909 4697.702101812 1
84 0 4679.067538782 4686.467024684 1
85 0 1728.243081708 1735.642567611 2
86 1 1703.431657195 1710.831143098 2
92 0 1940.675094411 1948.074580314 1
95 0 7680.056430662 7687.455916565 1
98 0 7646.497590929 7653.897076832 1
101 0 7654.277296418 7661.676782321 1
102 0 4982.070776792 4989.470262695 2
103 2 4913.209385219 4920.608871122 2
106 0 738.088780685 745.488266587 1
107 0 562.901058593 570.300544496 1
108 0 595.03703506 602.436520963 1
109 0 657.262101792 664.661587695 1
110 0 631.780990112 639.180476014 1
111 0 718.593186478 725.992672381 1
112 0 847.66834924 855.067835143 1
113 0 672.551733915 679.951219818 1
114 0 760.291036618 767.690522521 1
115 0 3450.178634584 3457.578120487 2
116 0 789.93355532 797.333041223 1
117 0 884.597678459 891.997164362 1
118 0 664.887050077 672.28653598 1
119 0 910.622232339 918.021718242 1
120 0 923.587758111 930.987244014 1
121 0 897.604940426 905.004426329 1
122 0 640.300772551 647.700258454 1
123 0 798.294214008 805.693699911 1
124 0 729.918704964 737.318190867 1
125 0 648.272212426 655.671698329 1
126 0 832.881292452 840.280778355 1
127 0 782.249649085 789.649134988 1
128 0 931.064719349 938.464205252 1
129 0 700.936712005 708.336197908 1
130 0 549.75149588 557.150981783 1
131 0 682.336373281 689.735859184 1
132 0 817.1176143 824.517100203 1
134 0 1787.518058686 1794.917544589 1
139 0 7663.228717939 7670.628203842 1
144 2 4995.415937181 5002.815423084 2
145 0 2073.128790227 2080.52827613 1
146 0 5011.22511905 5018.624604952 2
150 0 2082.217125028 2089.616610931 1
151 0 4578.080249637 4585.47973554 2
153 0 2094.132215876 2101.531701778 1
154 0 1868.5478284 1875.947314303 1
155 0 7670.80045561 7678.199941513 1
158 2 5115.166741208 5122.566227111 2
159 1 5094.535746094 5101.935231997 2
160 0 2107.631846486 2115.031332389 1
163 0 2149.759944016 2157.159429919 1
167 0 1905.096324713 1912.495810616 1
170 2 5165.721803983 5173.121289886 2
172 0 2008.654831369 2016.054317272 1
174 2 5066.287644774 5073.687130676 2
181 0 5023.485594803 5030.885080706 2
185 0 5154.150711678 5161.550197581 2
186 0 868.876313557 876.27579946 1
