REC 28 5 5712.560986718 5727.359957718
REC 31 1 4691.649393403 4695.349135403
REC 65 6 11839.861139203 11843.560881203
REC 70 4 14.798969 22.198454
REC 66 5 6120.741632405 6128.141117405
REC 86 10 5275.106219287 5289.905190287
REC 94 5 6135.540602405 6139.240344405
REC 99 5 6128.141117405 6135.540602405
REC 68 10 5245.508280287 5252.907765287
REC 82 10 5227.009569287 5234.409054287
REC 93 5 6105.942661405 6120.741632405
REC 95 1 5045.684051706 5053.083536706
REC 98 1 5027.185338706 5030.885080706
REC 35 5 5645.965621718 5649.665363718
REC 77 10 5289.905190287 5304.704161287
REC 25 1 4684.249909403 4687.949651403
REC 45 6 11479.830840766 11483.530582766
REC 23 5 5649.665363718 5657.064848718
REC 48 5 5694.062273718 5708.861244718
REC 88 4 11.099227 14.798969
REC 27 1 5053.083536706 5060.483021706
REC 7 5 5638.566136718 5645.965621718
REC 40 10 5252.907765287 5260.307250287
REC 19 10 5271.406477287 5275.106219287
REC 91 10 5323.202874287 5330.602359287
REC 11 10 5238.108796287 5241.808538287
REC 1 1 5060.483021706 5075.281992706
REC 69 1 4687.949651403 4691.649393403
REC 17 10 5308.403903287 5323.202874287
REC 47 1 4643.552740403 4650.952225403
REC 4 4 22.198454 29.597939
REC 21 4 0 3.699742
REC 5 1 4695.349135403 4699.048877403
REC 54 4 3.6997420007 11.099227
REC 18 10 5234.409054287 5238.108796287
REC 79 6 11773.265771203 11788.064742203
REC 20 10 5260.307250287 5264.006992287
REC 75 5 5660.764590718 5668.164075718
REC 59 10 5345.401330287 5349.101072287
CAND 86 1 4669.450938403 4684.249909403
CAND 80 1 4636.153255403 4643.552740403
CAND 85 1 4650.952225403 4665.751196403
CAND 115 1 4665.751196403 4669.450938403
CAND 151 1 5075.281992706 5090.080963706
CAND 12 5 5682.963046718 5686.662788718
CAND 75 5 5686.662788718 5694.062273718
CAND 103 6 11825.062168203 11839.861139203
CAND 41 5 5708.861244718 5712.560986718
CAND 44 6 11788.064742203 11802.863713203
CAND 102 5 5668.164075718 5682.963046718
CAND 144 10 5264.006992287 5271.406477287
CAND 146 6 11810.263198203 11817.662683203
CAND 181 1 5030.885080706 5045.684051706
CAND 26 6 11876.858565203 11884.258050203
CAND 34 6 11802.863713203 11810.263198203
CAND 39 6 11862.059594203 11876.858565203
CAND 174 6 11847.260623203 11862.059594203
CAND 76 5 5657.064848718 5660.764590718
CAND 159 10 5241.808538287 5245.508280287
CAND 158 6 11843.560881203 11847.260623203
CAND 10 10 5330.602359287 5345.401330287
CAND 185 10 5304.704161287 5308.403903287
CAND 170 10 5349.101072287 5363.900043287
CAND 81 6 11817.662683203 11825.062168203
