REC 55 0 2176.559767048 2180.259509048
REC 42 3 8668.814989665 8672.514731665
REC 3 9 2538.5668463 2553.3658173
REC 50 8 848.084176381 862.883147381
REC 84 3 8591.120394665 8598.519879665
REC 22 8 740.791643381 744.491385381
REC 6 2 3207.918882441 3222.717853441
REC 57 8 885.081601381 892.481086381
REC 87 8 873.982374381 877.682116381
REC 51 9 2553.3658173 2560.7653023
REC 78 2 3222.717853441 3226.417595441
REC 37 8 811.086750381 814.786492381
REC 96 7 13349.220815008 13356.620300008
REC 26 8 751.890870381 759.290355381
REC 62 2 3226.417595441 3241.216566441
REC 90 8 829.585463381 833.285205381
REC 81 8 907.280057381 910.979799381
REC 24 8 807.387008381 811.086750381
REC 36 8 796.287781381 803.687266381
REC 34 7 13190.131885008 13193.831627008
REC 52 8 766.689840381 781.488811381
REC 32 3 8952.699604623 8967.498575623
REC 12 9 2534.8671043 2538.5668463
REC 58 3 8852.806554623 8856.506296623
REC 97 7 13171.633173008 13179.032658008
REC 14 0 2172.860025048 2176.559767048
REC 33 8 744.491385381 751.890870381
REC 49 7 13153.134460008 13167.933431008
REC 53 3 8904.602949623 8919.401920623
REC 60 9 2508.9689063 2512.6686483
REC 61 8 803.687266381 807.387008381
REC 9 3 8971.198317623 8985.997288623
REC 85 8 781.488811381 788.888296381
REC 73 9 2217.256934048 2220.956676048
REC 46 8 759.290355381 766.689840381
REC 15 8 718.593187381 725.992672381
REC 74 0 2139.562341048 2154.361312048
REC 76 3 8919.401920623 8923.101662623
REC 2 7 13123.536518008 13138.335489008
REC 56 0 2169.160283048 2172.860025048
REC 83 7 13201.231112008 13204.930854008
REC 67 7 13031.042954008 13034.742696008
REC 71 3 8620.718335665 8628.117820665
REC 43 3 8985.997288623 9000.796259623
REC 64 7 13383.141884869 13397.940855869
REC 38 0 2202.457965048 2209.857450048
REC 16 7 13330.722104008 13334.421846008
REC 80 8 877.682116381 885.081601381
REC 72 3 8937.900633623 8952.699604623
REC 30 8 833.285205381 848.084176381
REC 29 7 13204.930854008 13212.330339008
REC 8 8 866.582889381 873.982374381
REC 89 3 8672.514731665 8676.214473665
REC 39 9 2527.4676193 2534.8671043
REC 13 8 892.481086381 907.280057381
REC 44 7 13275.225964008 13282.625449008
REC 92 7 13315.923133008 13330.722104008
REC 63 7 13249.327766008 13253.027508008
REC 41 8 814.786492381 829.585463381
REC 0 3 8676.214473665 8691.013444665
REC 10 3 8720.611386665 8728.010871665
CAND 130 7 13405.340340869 13409.040082869
CAND 107 9 2154.361312048 2169.160283048
CAND 108 2 3241.216566441 3256.015537441
CAND 110 8 788.888296381 796.287781381
CAND 122 7 13267.826479008 13275.225964008
CAND 125 3 8889.803980623 8897.203465623
CAND 109 3 8871.305267623 8875.005009623
CAND 118 3 8897.203465623 8900.903207623
CAND 113 3 8613.318850665 8620.718335665
CAND 131 0 2180.259509048 2195.058480048
CAND 129 3 8875.005009623 8889.803980623
CAND 111 8 725.992672381 740.791643381
CAND 124 3 8587.420652665 8591.120394665
CAND 106 7 13253.027508008 13267.826479008
CAND 114 7 13186.432143008 13190.131885008
CAND 127 9 2121.063628048 2135.862599048
CAND 116 7 13027.343212008 13031.042954008
CAND 123 8 862.883147381 866.582889381
CAND 73 7 13042.142181008 13049.541666008
CAND 132 9 2209.857450048 2213.557192048
CAND 126 3 8923.101662623 8937.900633623
CAND 112 3 8856.506296623 8871.305267623
CAND 14 7 13049.541666008 13056.941151008
CAND 186 7 13167.933431008 13171.633173008
CAND 117 3 8661.415504665 8668.814989665
CAND 121 7 13212.330339008 13219.729824008
CAND 119 3 8565.222198665 8568.921940665
CAND 120 7 13097.638320008 13112.437291008
CAND 128 7 13082.839349008 13097.638320008
CAND 134 0 2220.956676048 2235.755647048
CAND 55 7 13112.437291008 13119.836776008
CAND 154 9 2512.6686483 2527.4676193
CAND 167 3 8568.921940665 8572.621682665
CAND 37 2 3193.119911441 3207.918882441
CAND 92 7 13338.121588008 13345.521073008
CAND 65 3 8642.916791665 8646.616533665
CAND 52 0 2135.862599048 2139.562341048
CAND 57 7 13345.521073008 13349.220815008
CAND 35 3 9008.195744623 9011.895486623
CAND 172 7 13282.625449008 13297.424420008
CAND 32 3 8967.498575623 8971.198317623
CAND 25 3 8572.621682665 8580.021167665
CAND 145 9 2195.058480048 2202.457965048
CAND 150 7 13409.040082869 13423.839053869
CAND 153 9 2494.1699353 2508.9689063
CAND 160 7 13356.620300008 13360.320042008
CAND 163 7 13119.836776008 13123.536518008
CAND 51 9 2213.557192048 2217.256934048
CAND 40 7 13056.941151008 13060.640893008
CAND 66 3 9000.796259623 9008.195744623
CAND 82 3 8598.519879665 8613.318850665
CAND 84 3 8691.013444665 8705.812415665
CAND 83 7 13179.032658008 13186.432143008
CAND 79 7 13193.831627008 13201.231112008
CAND 98 3 8580.021167665 8587.420652665
CAND 101 3 8628.117820665 8642.916791665
CAND 139 3 8646.616533665 8661.415504665
CAND 155 3 8705.812415665 8720.611386665
CAND 95 3 8900.903207623 8904.602949623
CAND 4 7 13312.223391008 13315.923133008
CAND 3 7 13060.640893008 13075.439864008
CAND 2 7 13234.528795008 13249.327766008
CAND 0 7 13138.335489008 13153.134460008
CAND 5 7 13397.940855869 13405.340340869
CAND 17 7 13360.320042008 13367.719527008
CAND 16 7 13334.421846008 13338.121588008
CAND 20 7 13075.439864008 13082.839349008
CAND 19 7 13034.742696008 13042.142181008
CAND 18 7 13297.424420008 13312.223391008
CAND 15 7 13219.729824008 13234.528795008
