1 0 13528.449358388 13535.848844291
2 1 7820.931874117 7828.33136002
3 1 7840.734461063 7848.133946966
3 2 13503.170556694 13510.570042597
4 1 7833.175946215 7840.575432118
4 2 13510.72820273 13518.127688633
5 1 7812.737465676 7820.136951579
9 1 5139.090518082 5146.490003985
10 1 5108.626236642 5116.025722544
12 0 4915.214880221 4922.614366124
13 1 4869.752169513 4877.151655416
26 0 4816.438130438 4823.837616341
29 1 4931.248151396 4938.647637299
31 0 4847.972633932 4855.372119835
32 1 4923.830460851 4931.229946754
34 0 4897.247923854 4904.647409757
35 1 4985.481971005 4992.881456908
39 0 4996.501129209 5003.900615112
44 0 5003.970602976 5011.370088879
45 1 4878.52687263 4885.926358533
58 1 4906.75915961 4914.158645513
60 2 4828.838593489 4836.238079392
61 2 5238.210696685 5245.610182588
70 0 12424.469456299 12431.868942201
71 0 12412.676132023 12420.075617926
72 0 12432.566153048 12439.965638951
75 0 5116.046092047 5123.44557795
76 1 5123.708157014 5131.107642917
77 1 5131.547366734 5138.946852637
80 0 1758.041364584 1765.440850487
81 0 7755.446077019 7762.845562922
82 1 1749.182574898 1756.582060801
82 2 7912.192152159 7919.591638062
83 1 1741.680217727 1749.07970363
83 2 7747.827969736 7755.227455639
85 0 1772.008483422 1779.407969325
86 1 1782.530782488 1789.930268391
86 2 7903.846102148 7911.245588051
93 2 4747.954189918 4755.353675821
96 0 4755.875262896 4763.274748799
99 0 5061.759088736 5069.158574639
102 0 5051.281645705 5058.681131608
103 2 4635.199008601 4642.598494504
108 1 3440.035901436 3447.435387339
115 0 3515.031300294 3522.430786197
129 1 3580.163673997 3587.5631599
130 1 3506.659127027 3514.05861293
133 1 4964.560263413 4971.959749316
135 1 4779.266181984 4786.665667887
136 2 4685.81559026 4693.215076162
137 1 4725.0102902 4732.409776103
140 0 4698.336720633 4705.736206536
141 1 4839.485664124 4846.885150026
142 1 5021.785123269 5029.184609172
143 1 4668.201911582 4675.601397484
144 2 5037.936485317 5045.335971219
146 0 4787.568747554 4794.968233457
149 2 4617.198433995 4624.597919898
151 0 4795.618776949 4803.018262852
152 1 4889.098386683 4896.497872585
156 0 4563.611916751 4571.011402654
158 2 4642.623721962 4650.023207865
159 1 4716.124849276 4723.524335179
161 0 4808.22456623 4815.624052133
164 1 4861.098922816 4868.498408719
166 2 5221.363888429 5228.763374332
167 1 5148.650347553 5156.049833456
168 2 5159.376228572 5166.775714475
169 1 5212.458495197 5219.8579811
171 1 4943.982799931 4951.382285834
173 0 5177.687624975 5185.087110878
174 2 5095.167272939 5102.566758842
175 1 5203.886870248 5211.286356151
176 1 5195.994934924 5203.394420827
177 1 5254.16693333 5261.566419232
179 0 4977.069674578 4984.46916048
181 0 5187.279462228 5194.678948131
182 1 4952.219713581 4959.619199484
183 1 5168.995531905 5176.395017807
185 0 5085.756566095 5093.156051998
