REC 55 8 529.0901320278645 532.7898740278645
REC 42 8 532.7898740278645 536.4896160278645
REC 3 8 536.4896160278645 551.2885870278645
REC 50 8 551.2885870278645 566.0875580278646
REC 84 8 566.0875580278646 573.4870430278646
REC 22 8 573.4870430278646 577.1867850278646
REC 6 8 577.1867850278646 591.9857560278647
REC 57 8 591.9857560278647 599.3852410278647
REC 87 8 599.3852410278647 603.0849830278647
REC 51 8 603.0849830278647 610.4844680278648
REC 78 8 610.4844680278648 614.1842100278648
REC 37 8 614.1842100278648 617.8839520278648
REC 96 8 617.8839520278648 625.2834370278648
REC 26 8 625.2834370278648 632.6829220278648
REC 62 8 632.6829220278648 647.4818930278649
REC 90 8 647.4818930278649 651.1816350278649
REC 81 8 651.1816350278649 654.8813770278649
REC 24 8 654.8813770278649 658.5811190278649
REC 36 8 658.5811190278649 665.980604027865
REC 34 8 665.980604027865 669.680346027865
REC 52 8 669.680346027865 684.479317027865
REC 32 8 684.479317027865 699.2782880278651
REC 12 8 699.2782880278651 702.9780300278651
REC 58 8 702.9780300278651 706.6777720278651
REC 97 8 706.6777720278651 714.0772570278651
REC 14 8 714.0772570278651 717.7769990278651
REC 33 8 717.7769990278651 725.1764840278652
REC 49 8 725.1764840278652 739.9754550278652
REC 53 8 739.9754550278652 754.7744260278653
REC 60 8 754.7744260278653 758.4741680278653
REC 61 8 758.4741680278653 762.1739100278653
REC 9 8 762.1739100278653 776.9728810278654
REC 85 8 776.9728810278654 784.3723660278654
REC 73 8 784.3723660278654 788.0721080278654
REC 46 8 788.0721080278654 795.4715930278654
REC 15 8 795.4715930278654 802.8710780278655
REC 74 8 802.8710780278655 817.6700490278655
REC 76 8 817.6700490278655 821.3697910278655
REC 2 8 821.3697910278655 836.1687620278656
REC 56 8 836.1687620278656 839.8685040278656
REC 83 8 839.8685040278656 843.5682460278656
REC 67 8 843.5682460278656 847.2679880278656
REC 71 8 847.2679880278656 854.6674730278656
REC 43 8 854.6674730278656 869.4664440278657
REC 64 8 869.4664440278657 884.2654150278657
REC 38 8 884.2654150278657 891.6649000278658
REC 16 8 891.6649000278658 895.3646420278658
REC 80 8 895.3646420278658 902.7641270278658
REC 72 8 902.7641270278658 917.5630980278659
REC 30 8 917.5630980278659 932.3620690278659
REC 29 8 932.3620690278659 939.7615540278659
REC 8 8 939.7615540278659 947.161039027866
REC 89 8 947.161039027866 950.860781027866
REC 39 8 950.860781027866 958.260266027866
REC 13 8 958.260266027866 973.0592370278661
REC 44 8 973.0592370278661 980.4587220278661
REC 92 8 980.4587220278661 995.2576930278661
REC 63 8 995.2576930278661 998.9574350278662
REC 41 0 1651.1867406070232 1665.9857116070232
REC 0 0 1665.9857116070232 1680.7846826070231
REC 10 0 1680.7846826070231 1688.184167607023
CAND 116 0 1688.184167607023 1691.883909607023
CAND 117 0 1691.883909607023 1699.283394607023
CAND 109 0 1699.283394607023 1702.983136607023
CAND 145 0 1702.983136607023 1710.3826216070229
CAND 150 0 1979.958791752 1994.757762752
CAND 153 0 1994.757762752 2009.556733752
CAND 160 0 2009.556733752 2013.256475752
CAND 163 0 2047.501610743 2051.201352743
CAND 51 0 2061.90496734 2065.6047093399998
CAND 40 0 2179.753967331 2183.4537093309996
CAND 66 0 2188.726863103 2196.126348103
CAND 25 0 2217.140417329 2224.5399023289997
CAND 79 3 8565.222198665142 8572.621683665142
CAND 84 3 8572.621683665142 8587.420654665142
CAND 170 3 8587.420654665142 8602.219625665142
CAND 158 3 8602.219625665142 8605.919367665143
CAND 0 7 13027.343212008476 13042.142183008476
CAND 2 7 13042.142183008476 13056.941154008477
CAND 5 7 13056.941154008477 13064.340639008477
CAND 17 7 13064.340639008477 13071.740124008476
CAND 16 7 13071.740124008476 13075.439866008477
CAND 20 7 13075.439866008477 13082.839351008477
CAND 19 7 13082.839351008477 13090.238836008477
CAND 18 7 13090.238836008477 13105.037807008477
CAND 15 7 13105.037807008477 13119.836778008477
REC 28 4 0.0 14.798971
REC 31 4 14.798971 18.498713
REC 65 4 18.498713 22.198455
REC 70 4 22.198455 29.59794
REC 66 4 29.59794 36.997425
REC 86 4 36.997425 51.796396
REC 94 4 51.796396 55.496138
REC 99 4 55.496138 62.895623
REC 68 4 62.895623 70.295108
REC 82 4 70.295108 77.694593
REC 93 4 77.694593 92.49356399999999
REC 95 4 92.49356399999999 99.89304899999999
REC 98 4 99.89304899999999 103.59279099999999
REC 35 4 103.59279099999999 107.29253299999999
REC 77 4 107.29253299999999 122.09150399999999
REC 25 4 122.09150399999999 125.79124599999999
REC 45 4 125.79124599999999 129.490988
REC 23 4 129.490988 136.890473
REC 48 4 136.890473 151.68944399999998
REC 88 4 151.68944399999998 155.38918599999997
REC 27 4 155.38918599999997 162.78867099999997
REC 7 4 162.78867099999997 170.18815599999996
REC 40 4 170.18815599999996 177.58764099999996
REC 19 4 177.58764099999996 181.28738299999995
REC 91 4 181.28738299999995 188.68686799999995
REC 11 4 188.68686799999995 192.38660999999993
REC 1 4 192.38660999999993 207.18558099999993
REC 69 4 207.18558099999993 210.88532299999991
REC 17 4 210.88532299999991 225.6842939999999
REC 47 4 225.6842939999999 233.0837789999999
REC 4 4 233.0837789999999 240.4832639999999
REC 21 4 240.4832639999999 244.1830059999999
REC 5 4 244.1830059999999 247.88274799999988
REC 54 4 247.88274799999988 255.28223299999988
REC 18 4 255.28223299999988 258.98197499999986
REC 79 4 258.98197499999986 273.78094599999986
REC 20 4 273.78094599999986 277.4806879999999
REC 75 4 277.4806879999999 284.8801729999999
REC 59 4 284.8801729999999 288.5799149999999
CAND 86 1 4636.153255403042 4650.952226403042
CAND 85 1 4650.952226403042 4665.751197403042
CAND 80 1 4665.751197403042 4673.150682403042
CAND 115 1 4673.150682403042 4676.850424403042
CAND 151 1 4676.850424403042 4691.649395403042
CAND 12 1 4869.383068787 4873.082810787
CAND 75 1 4893.067785459 4900.467270459
CAND 103 1 4920.608871123 4935.407842123001
CAND 41 1 4949.136460454 4952.836202454
CAND 44 1 4956.958191772 4971.757162772
CAND 102 1 4989.470262696 5004.269233696
CAND 144 1 5004.269233696 5011.668718696
CAND 39 1 5029.311831658 5044.1108026580005
CAND 81 6 11479.83084076643 11487.23032576643