0 0 10510.082888067 10517.48237397 1
1 0 13485.60756117 13493.007047073 2
2 0 10555.008334488 10562.407820391 1
5 0 10563.711294817 10571.110780719 1
12 0 4861.983582884 4869.383068787 2
15 0 12690.805514222 12698.205000125 1
16 0 12654.8146419 12662.214127803 1
17 0 12646.208151996 12653.607637899 1
18 0 12680.15797679 12687.557462692 1
19 0 12669.898471687 12677.297957589 1
20 0 12662.317780064 12669.717265967 1
21 0 14077.869571656 14085.269057559 1
25 0 2209.740931426 2217.140417329 1
39 0 5021.912345755 5029.311831658 2
40 0 2172.354481428 2179.753967331 1
41 0 4941.736974551 4949.136460454 2
44 0 4949.55870587 4956.958191772 2
51 0 2054.505481438 2061.90496734 1
66 0 2181.3273772 2188.726863103 1
70 0 12431.868942201 12439.268428104 2
71 0 12412.676132023 12420.075617926 2
72 0 12423.772245452 12431.171731355 2
75 0 4885.668299556 4893.067785459 2
79 0 5026.611493737 5034.010979639 1
80 0 1727.921075099 1735.320561002 2
81 0 7646.588842094 7653.988327997 2
84 0 5039.49669763 5046.896183533 1
85 0 1713.953956261 1721.353442164 2
86 1 1703.431657195 1710.831143098 2
102 0 4982.070776793 4989.470262696 2
103 2 4913.20938522 4920.608871123 2
109 0 934.954208165 942.353694068 1
115 0 3450.178634584 3457.578120487 2
116 0 585.814973801 593.214459704 1
117 0 921.888078394 929.287564297 1
144 2 4995.415937182 5002.815423085 2
145 0 1676.864432484 1684.263918387 1
150 0 1972.559305849 1979.958791752 1
151 0 4578.080249637 4585.47973554 2
153 0 1984.474396697 1991.873882599 1
158 1 7918.080910485 7925.480396388 1
160 0 1997.97402731 2005.373513213 1
163 0 2040.10212484 2047.501610743 1
170 1 7909.357362747 7916.75684865 1
