44 187 325.57737972557993 14399.999986588955 3
0.5 0.3 0.2 
0.0 0.8013655397916133 1 2
0.0 0.6325355673239256 1 2
0.8 0.6880604671292875 1 1
0.4 0.6354708652588383 1 2
0.0 1.1996578402387272 1 0
0.2 1.2252010831263889 1 1
0.0 1.206679800961609 1 1
0.6 1.284681255558692 1 2
0.6 1.0502985746568636 1 2
0.4 1.2022742725780098 1 2
0.8 1.212898281682596 1 2
0.4 1.143119699524304 1 0
0.4 0.07252737694406533 1 0
0.0 1.2985527478460295 1 0
0.6 0.832370513512034 1 1
0.6 1.272729469330466 1 1
0.0 1.302078035200966 0 1
0.8 0.8666164554987422 1 1
0.0 0.7639074915779064 0 2
0.0 0.9640524609000785 0 0
0.4 1.1842853782360336 1 0
0.2 0.9963507663593392 0 0
0.0 1.2098421045090697 1 0
0.2 0.5857975844095639 1 1
0.2 0.810041235775878 1 1
0.2 1.2680474722724184 1 1
0.4 0.813946535444284 0 0
0.4 0.5392709117060934 0 0
0.4 0.6664538886968838 1 1
0.2 0.1841762198630091 1 2
0.0 0.32387660939169355 0 1
0.2 1.1011422892958311 1 1
0.6 1.2241705861060312 1 1
0.6 1.096441127378849 1 0
0.4 0.8384224875240549 1 0
0.2 0.4181936589126439 1 0
0.2 0.5968934168555158 1 0
0.8 0.6657288491617708 0 0
0.8 0.7325598515851689 0 0
0.8 0.4832895694497663 1 0
0.0 1.160332690907647 0 2
0.4 0.24214072665722358 1 0
0.4 1.218086945898747 1 2
0.6 1.2441690976008988 1 0