0 0 10510.082888067 10517.48237397
2 0 10789.454276353 10796.853762256
3 0 10536.982893114 10544.382379016
4 0 10814.255730167 10821.65521607
5 0 10561.104345966 10568.503831869
6 0 1941.298895491 1948.698381394
8 0 1972.091048155 1979.490534058
9 0 2242.026458673 2249.425944576
10 0 1853.466727707 1860.86621361
11 0 1822.822182714 1830.221668617
13 0 2029.598849011 2036.998334913
14 0 875.860112311 883.259598214
15 0 12630.478605665 12637.878091568
16 0 12607.814562172 12615.214048075
17 0 12646.208151996 12653.607637899
18 0 12657.752214558 12665.151700461
19 0 12615.291601533 12622.691087435
20 0 12622.872293155 12630.271779058
21 0 14077.869571656 14085.269057559
23 0 2011.113343425 2018.512829328
24 0 2169.691755361 2177.091241264
25 0 2212.261350542 2219.660836445
28 0 1920.264220659 1927.663706562
33 0 2192.318479842 2199.717965745
35 0 1802.323916839 1809.723402742
36 0 1952.110342892 1959.509828795
43 0 2256.266408682 2263.665894585
46 0 1959.736131525 1967.135617428
56 0 1838.474737263 1845.874223166
60 0 1884.61867967 1892.018165572
60 1 7884.961465985 7892.360951887
61 1 7900.996762189 7908.396248092
69 0 2045.441443222 2052.840929125
73 0 712.010479745 719.409965648
79 0 4565.275041314 4572.674527217
82 0 4664.819341272 4672.218827175
83 0 4638.273012869 4645.672498772
84 0 4649.508089996 4656.907575899
86 0 4630.357984722 4637.757470625
90 0 2001.694079707 2009.09356561
93 1 7908.91654128 7916.316027183
95 0 7780.333073421 7787.732559323
98 0 7825.780571229 7833.180057132
101 0 7927.103140334 7934.502626236
103 1 7799.13022188 7806.529707782
104 0 2057.051268456 2064.450754358
108 0 673.423192208 680.82267811
110 0 786.186136004 793.585621907
111 0 856.296717749 863.696203652
112 0 777.646215864 785.045701767
113 0 794.587947256 801.987433159
114 0 744.631454364 752.030940267
116 0 585.814973801 593.214459704
117 0 921.189265087 928.58875099
118 0 866.760023433 874.159509336
120 0 885.075029627 892.474515529
122 0 635.558940619 642.958426522
125 0 768.557953163 775.957439066
126 0 809.513112932 816.912598835
127 0 593.498880036 600.898365939
129 0 905.910152319 913.309638221
130 0 842.870519515 850.270005418
131 0 724.640776947 732.040262849
132 0 825.276791086 832.676276989
136 1 7790.023561064 7797.423046967
139 0 7834.351773167 7841.75125907
144 1 7893.376230582 7900.775716485
148 1 7942.50157052 7949.901056423
149 1 7816.121362223 7823.520848126
153 1 7808.720000863 7816.119486766
155 0 7625.062513739 7632.461999642
158 1 7934.852597733 7942.252083636
162 0 2108.777866051 2116.177351954
165 0 1986.41442926 1993.813915163
166 1 8042.321874619 8049.721360521
168 1 7951.917788655 7959.317274557
170 0 1894.313147917 1901.71263382
170 1 7918.029621099 7925.429107002
171 0 2139.111820748 2146.511306651
172 0 2084.347941991 2091.747427894
174 1 7959.774466664 7967.173952566
186 0 936.91062999 944.310115892
