REC 28 4 3.699742 18.498713
REC 31 1 5104.472728985 5108.172470985
REC 65 5 5638.566136718 5642.265878718
REC 70 1 4952.472838696 4959.872323696
REC 66 6 11854.660110203 11862.059595203
REC 86 5 5786.555839718 5801.354810718
REC 94 6 11479.830840766 11483.530582766
REC 99 1 5111.872212985 5119.271697985
REC 68 4 25.898197 33.297682
REC 82 5 5745.858670718 5753.258155718
REC 93 1 5119.271697985 5134.070668985
REC 95 1 5004.269233696 5011.668718696
REC 98 4 0 3.699742
REC 35 5 5734.759443718 5738.459185718
REC 77 5 5801.354810718 5816.153781718
REC 25 5 5782.856097718 5786.555839718
REC 45 4 18.498713 22.198455
REC 23 6 11487.230324766 11494.629809766
REC 48 1 5011.668718696 5026.467689696
REC 88 1 4974.671293696 4978.371035696
REC 27 6 11862.059595203 11869.459080203
REC 7 5 5727.359958718 5734.759443718
REC 40 1 4959.872323696 4967.271808696
REC 19 4 22.198455 25.898197
REC 91 5 5690.362533718 5697.762018718
REC 11 5 5657.064849718 5660.764591718
REC 1 5 5675.563562718 5690.362533718
REC 69 6 11850.960368203 11854.660110203
REC 17 5 5768.057126718 5782.856097718
REC 47 5 5719.960473718 5727.359958718
REC 4 1 4978.371035696 4985.770520696
REC 21 5 5701.461760718 5705.161502718
REC 5 5 5697.762018718 5701.461760718
REC 54 6 11869.459080203 11876.858565203
REC 18 1 4985.770520696 4989.470262696
REC 79 5 6124.441373405 6139.240344405
REC 20 1 5108.172470985 5111.872212985
REC 75 1 4967.271808696 4974.671293696
REC 59 1 5026.467689696 5030.167431696
CAND 86 5 5660.764591718 5675.563562718
CAND 85 5 5705.161502718 5719.960473718
CAND 80 1 4945.073353696 4952.472838696
CAND 115 1 5134.070668985 5137.770410985
CAND 151 5 5753.258155718 5768.057126718
CAND 12 6 11483.530582766 11487.230324766
CAND 75 5 5738.459185718 5745.858670718
CAND 103 5 5642.265878718 5657.064849718
CAND 41 6 11494.629809766 11498.329551766
CAND 44 1 5030.167431696 5044.966402696
CAND 102 1 4989.470262696 5004.269233696
CAND 144 6 11876.858565203 11884.258050203
CAND 39 6 11498.329551766 11513.128522766
CAND 81 6 11513.128522766 11520.528007766
