REC 55 8 983.050862068 986.750604068
REC 42 8 997.849831068 1001.549573068
REC 3 2 2742.012014402 2756.810985402
REC 50 3 8945.300120623 8960.099091623
REC 84 3 8856.506297623 8863.905782623
REC 22 3 8967.498576623 8971.198318623
REC 6 8 529.090132028 543.889103028
REC 57 9 2121.063628048 2128.463113048
REC 87 8 554.988330028 558.688072028
REC 51 8 953.452921068 960.852406068
REC 78 3 8719.615824623 8723.315566623
REC 37 3 8727.015308623 8730.715050623
REC 96 3 8771.412216623 8778.811701623
REC 26 8 562.387814028 569.787299028
REC 62 3 8819.508870623 8834.307841623
REC 90 3 8580.021169665 8583.720911665
REC 81 3 8926.801407623 8930.501149623
REC 24 0 2146.961826048 2150.661568048
REC 36 3 8738.114535623 8745.514020623
REC 34 8 543.889103028 547.588845028
REC 52 3 8978.597803623 8993.396774623
REC 32 3 8930.501149623 8945.300120623
REC 12 8 1005.249315068 1008.949057068
REC 58 0 2143.262084048 2146.961826048
REC 97 8 946.053436068 953.452921068
REC 14 8 584.586270028 588.286012028
REC 33 3 8749.213762623 8756.613247623
REC 49 3 8834.307841623 8849.106812623
REC 53 8 569.787299028 584.586270028
REC 60 3 8723.315566623 8727.015308623
REC 61 7 13068.040381008 13071.740123008
REC 9 0 2128.463113048 2143.262084048
REC 85 3 8697.417368623 8704.816853623
REC 73 8 994.150089068 997.849831068
REC 46 3 8730.715050623 8738.114535623
REC 15 3 9004.496001623 9011.895486623
REC 74 3 8583.720911665 8598.519882665
REC 76 8 558.688072028 562.387814028
REC 2 3 8682.618397623 8697.417368623
REC 56 3 8745.514020623 8749.213762623
REC 83 8 1001.549573068 1005.249315068
REC 67 0 2235.66907369 2239.36881569
REC 71 8 986.750604068 994.150089068
REC 43 2 2705.014587402 2719.813558402
REC 64 3 8782.511443623 8797.310414623
REC 38 3 8993.396774623 9000.796259623
REC 16 3 8675.218913623 8678.918655623
REC 80 2 2756.810985402 2764.210470402
REC 72 3 8804.709899623 8819.508870623
REC 30 2 2719.813558402 2734.612529402
REC 29 3 8849.106812623 8856.506297623
REC 8 3 8960.099091623 8967.498576623
REC 89 7 13034.742697008 13038.442439008
REC 39 3 8971.198318623 8978.597803623
REC 13 3 8660.419942623 8675.218913623
REC 44 8 960.852406068 968.251891068
REC 92 3 8704.816853623 8719.615824623
REC 63 0 2150.661568048 2154.361310048
REC 41 3 8908.302694623 8923.101665623
REC 0 8 968.251891068 983.050862068
REC 10 8 547.588845028 554.988330028
CAND 116 3 8678.918655623 8682.618397623
CAND 117 3 8878.704753623 8886.104238623
CAND 109 8 942.353694068 946.053436068
CAND 145 3 8797.310414623 8804.709899623
CAND 150 3 8893.503723623 8908.302694623
CAND 153 3 8863.905782623 8878.704753623
CAND 160 3 8778.811701623 8782.511443623
CAND 163 3 8764.012732623 8767.712474623
CAND 51 3 8923.101665623 8926.801407623
CAND 40 3 8767.712474623 8771.412216623
CAND 66 3 8756.613247623 8764.012732623
CAND 25 2 2734.612529402 2742.012014402
CAND 79 3 8886.104238623 8893.503723623
CAND 84 7 13379.442141869 13394.241112869
CAND 170 3 8565.222198665 8580.021169665
CAND 158 3 9000.796259623 9004.496001623
CAND 0 7 13038.442439008 13053.241410008
CAND 2 7 13394.241112869 13409.040083869
CAND 5 7 13027.343212008 13034.742697008
CAND 17 7 13409.040083869 13416.439568869
CAND 16 7 13086.539094008 13090.238836008
CAND 20 7 13416.439568869 13423.839053869
CAND 19 7 13090.238836008 13097.638321008
CAND 18 7 13071.740123008 13086.539094008
CAND 15 7 13053.241410008 13068.040381008
