1 0 13528.449358388 13535.848844291
2 1 7820.931874117 7828.33136002
3 1 7840.734461063 7848.133946966
3 2 13503.170556694 13510.570042597
4 1 7833.175946215 7840.575432118
4 2 13510.72820273 13518.127688633
5 1 7812.737465676 7820.136951579
10 1 5149.161534693 5156.561020596
12 0 5164.143614143 5171.543100046
13 1 4875.238845721 4882.638331623
26 0 4821.924806646 4829.324292548
29 1 4904.988005291 4912.387491193
31 0 4853.459310139 4860.858796042
34 0 5108.683258272 5116.082744174
35 1 4985.74803211 4993.147518012
39 0 4996.767190314 5004.166676217
44 0 5004.236664081 5011.636149984
45 1 4884.013548838 4891.41303474
58 1 4945.92240525 4953.321891153
60 2 4834.325269696 4841.724755599
70 0 12424.469456299 12431.868942201
71 0 12412.676132023 12420.075617926
72 0 12432.566153048 12439.965638951
75 0 5156.581390099 5163.980876002
80 0 1758.041364584 1765.440850487
81 0 7755.446077019 7762.845562922
82 1 1749.182574898 1756.582060801
82 2 7993.880435377 8001.27992128
83 1 1741.680217727 1749.07970363
83 2 7747.827969736 7755.227455639
85 0 1772.008483422 1779.407969325
86 1 1782.530782488 1789.930268391
86 2 7903.846102148 7911.245588051
93 2 4753.440866125 4760.840352028
96 0 4761.361939104 4768.761425006
99 0 5081.876146844 5089.275632747
102 0 5069.784300417 5077.18378632
108 1 3440.035901436 3447.435387339
115 0 3515.031300294 3522.430786197
129 1 3580.163673997 3587.5631599
130 1 3506.659127027 3514.05861293
133 1 4929.22577591 4936.625261813
135 1 4784.752858192 4792.152344094
136 2 4691.302266467 4698.70175237
137 1 4730.496966408 4737.896452311
140 0 4703.823396841 4711.222882743
141 1 4844.972340331 4852.371826234
142 1 5022.051184372 5029.450670274
143 1 4666.289101886 4673.688587789
144 2 5056.439140028 5063.838625931
146 0 4793.055423762 4800.454909665
149 2 4651.286773511 4658.686259414
151 0 4801.105453156 4808.504939059
152 1 4894.58506289 4901.984548793
157 1 4676.327265751 4683.726751654
159 1 4721.611525483 4729.011011386
161 0 4813.711242438 4821.110728341
164 1 4866.585599023 4873.985084926
167 1 4956.696541487 4964.09602739
168 2 4967.422422506 4974.821908409
171 1 5183.079858496 5190.479344399
173 0 5117.159615175 5124.559101078
174 2 5135.702570991 5143.102056894
176 1 5200.18388709 5207.583372993
177 1 5191.06761187 5198.467097773
179 0 5174.674083513 5182.073569416
181 0 4976.141981656 4983.541467559
182 1 4916.885226078 4924.284711981
183 1 5034.869224128 5042.268710031
185 0 5126.291864146 5133.691350049
