REC 13 8 529.0901320278645 536.4896170278645
REC 82 8 536.4896170278645 551.2885880278645
REC 61 8 551.2885880278645 554.9883300278645
REC 56 8 554.9883300278645 569.7873010278646
REC 86 8 569.7873010278646 577.1867860278646
REC 19 8 577.1867860278646 591.9857570278647
REC 22 8 591.9857570278647 595.6854990278647
REC 31 8 595.6854990278647 599.3852410278647
REC 34 8 599.3852410278647 614.1842120278648
REC 53 8 614.1842120278648 617.8839540278648
REC 67 8 617.8839540278648 632.6829250278648
REC 3 8 632.6829250278648 636.3826670278648
REC 9 8 636.3826670278648 651.1816380278649
REC 37 8 651.1816380278649 654.8813800278649
REC 60 8 654.8813800278649 662.2808650278649
REC 39 8 662.2808650278649 669.680350027865
REC 14 8 669.680350027865 684.479321027865
REC 66 8 684.479321027865 699.2782920278651
REC 92 8 699.2782920278651 702.9780340278651
REC 91 8 702.9780340278651 710.3775190278651
REC 6 8 710.3775190278651 725.1764900278652
REC 70 8 725.1764900278652 728.8762320278652
REC 12 8 728.8762320278652 736.2757170278652
REC 43 8 736.2757170278652 743.6752020278652
REC 47 8 743.6752020278652 747.3749440278652
REC 62 8 747.3749440278652 751.0746860278653
REC 38 8 751.0746860278653 754.7744280278653
REC 23 8 754.7744280278653 758.4741700278653
REC 99 8 758.4741700278653 762.1739120278653
REC 63 8 762.1739120278653 765.8736540278653
REC 52 8 765.8736540278653 780.6726250278654
REC 65 8 780.6726250278654 784.3723670278654
REC 1 8 784.3723670278654 799.1713380278654
REC 54 8 799.1713380278654 806.5708230278655
REC 5 8 806.5708230278655 810.2705650278655
REC 58 8 810.2705650278655 817.6700500278655
REC 68 8 817.6700500278655 825.0695350278655
REC 74 8 825.0695350278655 832.4690200278656
REC 46 8 832.4690200278656 839.8685050278656
REC 44 8 839.8685050278656 843.5682470278656
REC 81 8 843.5682470278656 858.3672180278656
REC 36 8 858.3672180278656 873.1661890278657
REC 94 8 873.1661890278657 880.5656740278657
REC 24 8 880.5656740278657 884.2654160278657
REC 25 8 884.2654160278657 891.6649010278658
REC 90 8 891.6649010278658 899.0643860278658
REC 10 8 899.0643860278658 913.8633570278658
REC 26 8 913.8633570278658 921.2628420278659
REC 42 8 921.2628420278659 928.6623270278659
REC 49 8 928.6623270278659 943.461298027866
REC 27 8 943.461298027866 950.860783027866
REC 73 8 950.860783027866 965.659754027866
REC 72 8 965.659754027866 969.359496027866
REC 28 8 969.359496027866 973.0592380278661
REC 48 8 973.0592380278661 976.7589800278661
REC 80 8 976.7589800278661 984.1584650278661
CAND 237 0 1843.833997919 1858.632968919
CAND 232 0 1904.03640707 1918.83537807
CAND 322 0 1953.039271827 1960.438756827
CAND 234 0 2002.116644013 2009.516129013
CAND 151 0 2013.56791956 2020.96740456
CAND 222 0 2025.474922095 2032.874407095
CAND 406 0 2058.600573442 2066.000058442
CAND 247 0 2095.796315676 2099.496057676
CAND 319 0 2113.753073864 2121.1525588639997
CAND 155 0 2157.441743285 2161.141485285
CAND 84 0 2169.425907509 2184.224878509
CAND 104 0 2184.224878509 2199.0238495090002
CAND 396 0 2204.016351627 2207.7160936269997
CAND 384 0 2223.101657527 2226.801399527
CAND 40 9 2305.067826616 2319.866797616
REC 97 4 0.0 14.798971
REC 59 4 14.798971 22.198456
REC 51 4 22.198456 36.997427
REC 30 4 36.997427 40.697169
REC 0 4 40.697169 44.396911
REC 50 4 44.396911 59.195882000000005
REC 85 4 59.195882000000005 73.994853
REC 29 4 73.994853 81.394338
REC 75 4 81.394338 88.793823
REC 71 4 88.793823 96.193308
REC 57 4 96.193308 99.89305
REC 16 4 99.89305 103.592792
REC 4 4 103.592792 118.391763
REC 33 4 118.391763 125.791248
REC 17 4 125.791248 129.49098999999998
REC 7 4 129.49098999999998 133.19073199999997
REC 55 4 133.19073199999997 140.59021699999997
REC 18 4 140.59021699999997 144.28995899999995
REC 69 4 144.28995899999995 151.68944399999995
REC 87 4 151.68944399999995 155.38918599999994
REC 83 4 155.38918599999994 170.18815699999993
REC 93 4 170.18815699999993 173.88789899999992
REC 76 4 173.88789899999992 177.5876409999999
REC 2 4 177.5876409999999 192.3866119999999
REC 96 4 192.3866119999999 196.0863539999999
REC 35 4 196.0863539999999 210.88532499999988
REC 78 4 210.88532499999988 225.68429599999988
REC 88 4 225.68429599999988 233.08378099999987
REC 89 4 233.08378099999987 247.88275199999987
REC 98 4 247.88275199999987 255.28223699999987
REC 41 4 255.28223699999987 262.68172199999987
REC 21 4 262.68172199999987 270.0812069999999
REC 45 4 270.0812069999999 284.8801779999999
REC 79 4 284.8801779999999 299.6791489999999
REC 15 4 299.6791489999999 314.4781199999999
REC 84 4 314.4781199999999 318.1778619999999
REC 64 4 318.1778619999999 325.5773469999999
REC 20 4 325.5773469999999 329.27708899999993
REC 95 4 329.27708899999993 336.67657399999996
REC 32 4 336.67657399999996 344.076059
REC 8 4 344.076059 347.775801
REC 40 1 4636.153255403042 4643.552740403042
REC 11 1 4643.552740403042 4650.952225403042
REC 77 1 4650.952225403042 4654.651967403041
CAND 89 1 4808.793858038 4816.1933430379995
CAND 41 1 4872.11614223 4886.91511323
CAND 69 1 4930.299574237 4937.699059237
CAND 255 1 4956.736740259 4960.436482259
CAND 363 1 4971.810226947 4979.209711947
CAND 99 1 4995.890780698 5003.2902656979995
CAND 347 1 5029.758172302 5044.557143302
CAND 395 1 5052.415441556 5056.1151835559995
CAND 161 1 5066.322656673 5073.722141673
CAND 428 1 5078.673859663 5093.472830663
CAND 157 1 5093.472830663 5100.872315663
CAND 405 1 5103.587722647 5118.386693647
CAND 422 1 5118.386693647 5122.086435647