40 0 2297.668340713 2305.067826616
84 0 2162.026421607 2169.425907509
104 0 2174.365053059 2181.764538962
151 0 2006.168433657 2013.56791956
155 0 2150.042257382 2157.441743285
222 0 2018.075436192 2025.474922095
232 0 1896.636921167 1904.03640707
234 0 1994.71715811 2002.116644013
237 0 1836.434512017 1843.833997919
247 0 2088.396829773 2095.796315676
319 0 2106.353587961 2113.753073864
322 0 1945.639785924 1953.039271827
384 0 2215.702171624 2223.101657527
396 0 2196.616865724 2204.016351627
406 0 2051.20108754 2058.600573442
