1 0 13424.613044888 13432.012530791 2
3 0 13883.511474818 13890.910960721 2
7 0 13528.112602008 13535.512087911 2
12 0 13503.170556694 13510.570042597 2
15 0 13865.880882536 13873.280368439 2
18 0 13510.716625857 13518.11611176 2
40 1 4861.983582884 4869.383068787 2
83 1 5158.207709491 5165.607195394 2
86 0 2164.688081175 2172.087567078 1
104 0 2176.959879198 2184.359365101 1
137 1 5016.055258974 5023.454744877 2
145 0 1794.347467691 1801.746953594 1
157 0 4992.360711648 4999.760197551 2
188 0 12431.868942201 12439.268428104 2
189 0 12340.746198157 12348.145684059 2
190 0 12412.676132023 12420.075617926 2
191 0 12443.671806993 12451.071292896 2
192 0 12348.810524559 12356.210010462 2
193 0 12454.749175294 12462.148661197 2
194 0 12423.973343945 12431.372829848 2
195 0 12332.853498638 12340.252984541 2
208 0 1647.24284634 1654.642332243 2
215 0 1656.076918574 1663.476404476 2
216 0 7678.894111067 7686.29359697 2
220 1 1701.256342649 1708.655828552 2
337 0 5026.675513566 5034.074999468 2
418 1 5003.947415727 5011.34690163 2
424 1 4980.479997725 4987.879483627 2
