41 1 4864.716656327 4872.11614223
69 0 4922.900088334 4930.299574237
89 0 4801.394372135 4808.793858038
99 0 4988.491294795 4995.890780698
157 0 5083.595243585 5090.994729488
161 2 5058.92317077 5066.322656673
237 2 4895.715708635 4903.115194538
255 0 4949.337254357 4956.736740259
347 2 5022.358686399 5029.758172302
363 2 4964.410741044 4971.810226947
384 1 4996.149825495 5003.549311398
395 0 5045.015955653 5052.415441556
405 0 5096.188236744 5103.587722647
422 1 5104.425150394 5111.824636297
428 1 5071.27437376 5078.673859663
