REC 13 8 776.972885028 784.372370028
REC 82 8 854.667477028 869.466448028
REC 61 8 758.474172028 762.173914028
REC 56 8 821.369794028 836.168765028
REC 86 8 677.079836028 684.479321028
REC 19 8 654.881381028 669.680352028
REC 22 8 651.181639028 654.881381028
REC 31 8 673.380094028 677.079836028
REC 34 8 899.064388028 913.863359028
REC 53 8 669.680352028 673.380094028
REC 67 8 684.479321028 699.278292028
REC 3 8 702.978034028 706.677776028
REC 9 8 636.382668028 651.181639028
REC 37 8 947.161041028 950.860783028
REC 60 8 788.072112028 795.471597028
REC 39 8 836.168765028 843.568250028
REC 14 8 762.173914028 776.972885028
REC 66 8 799.171339028 813.970310028
REC 92 8 817.670052028 821.369794028
REC 91 8 913.863359028 921.262844028
REC 6 8 743.675201028 758.474172028
REC 70 8 614.184213028 617.883955028
REC 12 3 8565.222198665 8572.621683665
REC 43 8 928.662329028 936.061814028
REC 47 8 895.364646028 899.064388028
REC 62 8 936.061814028 939.761556028
REC 38 8 843.568250028 847.267992028
REC 23 8 706.677776028 710.377518028
REC 99 8 891.664904028 895.364646028
REC 63 8 699.278292028 702.978034028
REC 52 8 588.286015028 603.084986028
REC 65 8 795.471597028 799.171339028
REC 1 8 869.466448028 884.265419028
REC 54 8 921.262844028 928.662329028
REC 5 8 784.372370028 788.072112028
REC 58 8 847.267992028 854.667477028
REC 68 8 884.265419028 891.664904028
REC 74 8 606.784728028 614.184213028
REC 46 8 965.659753028 973.059238028
REC 44 8 603.084986028 606.784728028
REC 81 8 551.288588028 566.087559028
REC 36 8 536.489617028 551.288588028
REC 94 8 529.090132028 536.489617028
REC 24 8 739.975459028 743.675201028
REC 25 8 580.886530028 588.286015028
REC 90 8 950.860783028 958.260268028
REC 10 8 710.377518028 725.176489028
REC 26 8 939.761556028 947.161041028
REC 42 8 725.176489028 732.575974028
REC 49 8 621.583697028 636.382668028
REC 27 8 732.575974028 739.975459028
REC 73 8 566.087559028 580.886530028
REC 72 8 617.883955028 621.583697028
REC 28 0 2206.557821101 2210.257563101
REC 48 8 813.970310028 817.670052028
REC 80 8 958.260268028 965.659753028
CAND 145 0 1801.746953594 1816.545924594
CAND 86 0 2199.158336101 2206.557821101
CAND 104 0 2184.359365101 2199.158336101
